1 564 1
1 50 1
1 743 1
1 1764 1
1 1868 1
1 85 1
1 1816 1
1 75 1
1 139 1
1 777 1
1 1277 1
1 200 1
1 352 1
1 45 1
1 19 2
1 351 1
1 1131 1
1 1639 1
1 513 1
2 159 1
2 35 5
2 97 1
2 1481 1
2 977 2
2 727 1
2 294 2
2 103 2
2 1795 1
2 2290 3
2 1549 1
3 559 1
3 127 6
3 276 1
3 206 1
3 118 1
3 565 1
3 679 1
3 1888 1
3 977 2
3 2007 4
3 366 1
3 16 1
3 1187 1
3 297 1
3 647 1
3 84 1
3 1469 1
3 1138 1
3 1282 1
3 602 1
3 938 1
3 10 2
3 1531 1
3 671 1
3 35 15
3 11 1
3 452 3
3 1081 1
3 438 1
3 294 4
3 1442 1
3 1458 1
3 1549 4
3 2437 1
3 889 2
3 564 2
3 50 1
3 97 1
3 1544 1
3 226 1
3 797 1
3 56 1
3 393 1
3 76 2
3 19 2
3 1783 2
3 293 1
3 274 1
3 2130 1
3 1530 1
3 68 1
3 794 1
3 682 1
3 2290 2
3 1155 2
3 863 1
3 303 1
3 2232 1
3 268 1
3 1468 2
3 69 1
3 178 1
3 496 2
3 1323 1
3 404 3
3 516 3
3 1643 1
3 2004 2
3 1374 1
3 1348 1
3 13 1
3 799 1
3 96 1
3 126 2
3 1778 1
3 1533 1
3 390 1
3 816 1
3 4 1
3 265 1
3 1118 1
3 1484 1
3 270 2
3 574 3
3 242 1
4 524 1
4 118 1
4 2443 3
4 2030 1
4 1241 1
4 410 1
4 458 1
4 31 1
4 35 6
4 347 1
4 360 3
4 422 1
4 12 1
4 153 1
4 823 1
4 54 4
4 833 1
4 70 1
4 241 1
4 1958 2
4 641 1
4 2204 1
4 147 2
4 1124 1
4 228 2
4 218 1
4 69 4
4 392 1
4 490 2
4 721 1
4 1818 1
4 1465 1
4 644 2
4 461 1
4 487 4
4 636 1
4 816 1
4 160 1
5 193 1
5 2424 1
5 1193 1
5 277 2
5 103 1
5 10 1
5 1285 1
5 342 1
5 48 1
5 1056 1
5 610 2
5 1925 1
5 2429 1
5 153 1
5 649 3
5 1009 1
5 924 1
5 1815 1
5 1119 1
5 2460 1
5 581 1
5 278 1
5 1862 1
5 131 3
5 952 1
5 1344 1
5 301 1
5 562 1
5 8 1
5 810 1
6 16 1
6 174 1
6 663 1
6 81 1
6 1340 1
6 895 1
6 345 1
6 314 1
6 4 1
7 2143 2
7 538 1
7 32 2
7 455 6
7 1026 1
7 1901 1
7 785 1
7 806 1
7 329 2
7 609 1
7 963 2
7 240 2
7 27 1
7 835 1
7 231 1
7 2416 1
7 109 1
7 201 1
7 379 1
7 1983 1
7 980 1
7 1035 1
7 11 2
7 2453 3
7 492 2
7 1419 1
7 341 1
7 174 2
7 481 3
7 106 1
7 725 1
7 133 1
7 513 1
7 558 3
7 684 1
7 908 1
7 52 4
7 81 2
7 657 1
7 101 1
7 284 2
7 371 3
7 1190 1
7 659 3
7 770 2
7 2059 2
7 1141 1
7 570 1
7 1110 1
7 1485 1
7 147 1
7 128 1
7 333 1
7 310 1
7 749 1
7 1148 1
7 2098 1
7 1464 1
7 594 1
7 801 1
7 121 3
7 1851 1
7 1513 1
7 494 5
7 1752 1
7 388 2
7 733 1
7 1342 1
7 38 1
7 367 1
7 652 1
7 296 2
7 169 1
7 372 1
7 171 1
8 384 1
8 127 1
8 743 1
8 2258 1
8 118 1
8 1346 1
8 1457 1
8 1555 8
8 723 1
8 1488 1
8 324 3
8 1673 1
8 918 1
8 230 1
8 109 1
8 2149 1
8 31 1
8 1669 1
8 11 1
8 347 1
8 505 1
8 397 2
8 174 1
8 123 1
8 149 2
8 203 1
8 221 1
8 291 1
8 12 1
8 1213 1
8 393 3
8 432 1
8 45 1
8 66 1
8 1865 1
8 1453 1
8 1272 1
8 247 1
8 2061 1
8 519 1
8 241 1
8 917 1
8 793 4
8 88 1
8 100 1
8 222 1
8 710 1
8 381 1
8 1078 1
8 135 1
8 254 1
8 178 1
8 223 1
8 1949 1
8 1479 1
8 22 1
8 464 1
8 826 1
8 830 1
8 972 1
8 653 1
8 2248 1
8 782 1
8 326 1
8 1515 1
8 47 2
8 8 1
8 4 1
8 568 1
8 164 1
8 169 1
8 1593 1
8 698 2
9 32 1
9 90 1
9 2199 1
9 620 1
9 7 1
9 1346 1
9 288 1
9 1320 1
9 1332 1
9 44 1
9 74 1
9 194 1
9 103 2
9 1787 1
9 1035 1
9 1182 1
9 11 2
9 1058 1
9 142 1
9 295 1
9 347 1
9 541 1
9 29 1
9 1303 1
9 304 1
9 854 1
9 1874 1
9 312 1
9 1077 1
9 1300 1
9 19 1
9 371 1
9 1190 1
9 469 1
9 338 1
9 128 1
9 25 1
9 466 1
9 1159 1
9 83 1
9 40 2
9 418 1
9 250 1
9 749 1
9 202 1
9 915 1
9 124 1
9 1325 1
9 131 1
9 1060 4
9 79 1
9 864 2
9 971 1
9 23 1
9 2214 5
9 603 1
10 1677 1
10 127 1
10 679 3
10 386 1
10 288 2
10 407 1
10 72 1
10 190 1
10 233 4
10 182 1
10 1224 1
10 601 1
10 103 2
10 1266 1
10 266 2
10 347 4
10 341 3
10 929 1
10 174 1
10 106 1
10 275 1
10 203 1
10 210 1
10 1874 1
10 429 1
10 1174 1
10 60 1
10 1077 1
10 56 1
10 66 1
10 204 1
10 2 1
10 548 2
10 222 1
10 147 3
10 303 1
10 192 1
10 590 1
10 236 3
10 895 1
10 135 2
10 224 1
10 131 1
10 122 1
10 617 1
10 952 1
10 46 2
10 1891 1
10 159 1
10 694 1
10 486 1
10 4 9
10 832 2
10 619 4
11 276 1
11 787 1
11 182 1
11 2376 1
11 536 1
11 602 1
11 671 1
11 1181 1
11 29 2
11 691 1
11 247 1
11 306 1
11 489 1
11 469 1
11 567 1
11 128 1
11 661 1
11 662 1
11 1157 1
11 1060 1
11 23 1
11 2214 1
11 85 1
11 176 1
11 38 1
11 4 1
11 498 1
12 200 1
12 2172 1
12 103 1
12 174 1
12 106 1
12 197 1
12 708 1
12 1159 1
12 14 1
12 191 1
12 1690 1
12 46 1
12 38 1
12 4 1
13 63 1
13 1125 1
13 1235 1
13 512 1
13 277 1
13 103 2
13 2237 1
13 347 1
13 275 1
13 663 1
13 50 1
13 291 1
13 2429 1
13 1874 1
13 2464 1
13 2119 1
13 402 1
13 575 1
13 305 1
13 236 1
13 758 1
13 594 1
13 46 2
13 2372 1
13 2214 1
13 951 1
13 1034 1
13 326 1
13 1622 1
13 4 3
14 276 1
14 680 1
14 723 1
14 1193 1
14 103 1
14 753 2
14 1550 1
14 827 1
14 208 1
14 347 1
14 203 1
14 64 1
14 1538 1
14 52 1
14 204 1
14 911 1
14 100 1
14 128 2
14 2382 1
14 426 1
14 1563 1
15 2042 1
15 127 1
15 63 1
15 1540 1
15 428 1
15 620 1
15 7 3
15 288 1
15 723 1
15 532 1
15 1352 1
15 767 2
15 74 1
15 240 1
15 182 1
15 194 2
15 299 1
15 231 1
15 163 2
15 109 3
15 103 1
15 1697 1
15 1212 1
15 151 1
15 753 1
15 11 2
15 511 1
15 1883 1
15 107 1
15 360 1
15 397 1
15 1618 1
15 769 2
15 2444 1
15 275 2
15 983 1
15 663 1
15 29 1
15 1525 1
15 350 1
15 197 1
15 2431 1
15 1208 1
15 969 1
15 12 1
15 81 2
15 52 5
15 797 1
15 530 1
15 101 1
15 45 2
15 507 1
15 260 1
15 903 1
15 910 1
15 204 1
15 1190 1
15 346 1
15 17 1
15 469 1
15 2425 1
15 814 1
15 327 1
15 575 1
15 1246 1
15 1281 1
15 732 2
15 128 7
15 286 1
15 156 1
15 40 1
15 280 1
15 303 1
15 749 2
15 236 1
15 848 2
15 856 1
15 268 1
15 184 1
15 112 1
15 191 1
15 1131 1
15 1517 1
15 271 1
15 104 1
15 53 1
15 412 1
15 1070 4
15 245 1
15 2032 1
15 121 1
15 154 1
15 952 1
15 754 1
15 46 2
15 1203 1
15 2480 1
15 96 1
15 925 1
15 782 1
15 518 1
15 326 3
15 51 1
15 146 1
15 425 1
15 1099 1
15 38 1
15 265 1
15 736 2
15 1791 1
16 386 1
16 200 1
16 16 1
16 182 2
16 313 1
16 1545 1
16 492 2
16 1096 1
16 657 1
16 409 1
16 45 2
16 2447 1
16 1641 1
16 1121 1
16 487 1
16 96 1
16 388 2
16 8 1
16 367 2
16 4 1
17 2143 1
17 1769 1
17 127 3
17 660 2
17 2180 4
17 206 1
17 680 1
17 831 1
17 193 1
17 407 1
17 200 1
17 821 1
17 609 1
17 240 1
17 233 1
17 182 7
17 919 1
17 299 1
17 1564 1
17 313 1
17 109 1
17 922 1
17 2211 2
17 980 1
17 843 1
17 11 1
17 1350 1
17 1826 2
17 492 1
17 78 1
17 48 2
17 1096 1
17 889 1
17 210 5
17 731 1
17 908 1
17 431 1
17 337 1
17 56 2
17 54 1
17 1030 1
17 371 1
17 67 1
17 519 3
17 1079 1
17 139 1
17 402 1
17 907 2
17 1792 2
17 2261 1
17 1816 1
17 218 1
17 2142 1
17 596 1
17 687 2
17 2098 1
17 1629 2
17 412 1
17 962 1
17 756 2
17 1060 1
17 954 1
17 282 1
17 267 1
17 617 1
17 154 1
17 2483 1
17 46 1
17 352 1
17 23 1
17 2480 3
17 972 1
17 473 1
17 694 1
17 636 1
17 85 3
17 1824 1
17 38 1
17 1943 3
17 196 3
18 179 1
18 103 2
18 11 1
18 347 1
18 394 1
18 48 1
18 1525 1
18 592 1
18 908 1
18 229 1
18 1041 1
18 708 1
18 286 1
18 749 1
18 236 3
18 249 1
18 112 1
18 319 2
18 1509 1
18 496 1
18 140 1
18 121 1
18 985 1
18 6 1
18 185 1
18 1037 1
18 4 1
18 296 1
18 1379 1
19 200 1
19 2061 1
19 139 1
19 1195 1
19 1412 1
19 28 1
19 758 1
19 895 1
19 13 2
20 428 1
20 200 1
20 534 1
20 115 1
20 107 1
20 360 1
20 1549 1
20 50 2
20 64 4
20 52 1
20 45 2
20 346 1
20 129 1
20 1412 1
20 856 1
20 112 1
20 53 1
20 754 1
20 23 1
20 13 2
20 1486 1
20 1017 1
21 391 1
21 621 1
21 1346 2
21 193 1
21 200 1
21 580 1
21 843 1
21 2154 1
21 29 1
21 50 2
21 221 1
21 19 3
21 1962 1
21 917 1
21 353 1
21 1337 1
21 268 1
21 135 1
21 1060 2
21 46 2
21 2214 3
21 1418 1
21 569 1
21 1542 1
22 685 1
22 63 2
22 455 4
22 2131 2
22 798 1
22 2164 2
22 243 1
22 2433 1
22 11 1
22 475 1
22 2423 1
22 106 1
22 123 1
22 50 1
22 221 1
22 1194 1
22 1994 1
22 76 1
22 2167 1
22 70 1
22 17 1
22 28 1
22 992 1
22 120 1
22 1210 1
22 618 1
22 236 1
22 706 1
22 172 1
22 178 3
22 150 1
22 79 1
22 154 1
22 364 1
22 9 2
22 716 1
22 209 2
22 2411 1
22 196 1
23 391 1
23 127 1
23 63 1
23 288 1
23 200 1
23 1167 1
23 2108 3
23 879 1
23 11 1
23 1081 1
23 106 1
23 214 1
23 275 1
23 29 2
23 50 2
23 101 1
23 1002 1
23 503 2
23 139 1
23 2072 1
23 944 5
23 1412 1
23 120 1
23 40 2
23 895 1
23 1503 1
23 1349 1
23 178 1
23 1916 1
23 154 1
23 461 1
23 176 1
23 169 1
23 698 4
24 329 1
24 27 1
24 536 1
24 462 2
24 10 1
24 901 1
24 35 1
24 342 1
24 774 1
24 1340 1
24 186 1
24 662 1
24 75 1
24 224 1
24 121 1
24 951 1
24 2263 1
24 425 1
24 608 4
24 705 1
25 559 1
25 32 4
25 276 1
25 71 1
25 565 1
25 1346 4
25 767 1
25 16 1
25 1193 1
25 1224 1
25 451 1
25 846 2
25 849 21
25 11 3
25 2067 1
25 511 1
25 695 1
25 2271 1
25 728 2
25 2161 1
25 2154 1
25 1303 1
25 378 1
25 889 1
25 350 1
25 1654 1
25 572 2
25 114 1
25 429 1
25 15 2
25 431 1
25 337 1
25 648 1
25 73 3
25 982 3
25 67 2
25 812 1
25 198 1
25 1472 1
25 917 1
25 1059 1
25 495 1
25 548 1
25 939 1
25 1080 1
25 1792 2
25 418 1
25 273 1
25 933 2
25 218 1
25 348 1
25 1177 1
25 1189 1
25 145 1
25 178 2
25 140 1
25 1876 1
25 104 1
25 1900 2
25 131 1
25 1479 1
25 502 2
25 154 2
25 1916 1
25 830 1
25 971 2
25 754 1
25 23 5
25 364 2
25 747 1
25 486 2
25 555 1
25 976 1
25 686 1
25 21 1
25 679 1
25 680 1
25 288 2
25 119 1
25 74 1
25 240 1
25 1755 1
25 230 1
25 299 1
25 115 1
25 447 1
25 103 1
25 201 1
25 1607 1
25 379 1
25 152 3
25 342 1
25 579 2
25 1894 1
25 107 2
25 701 1
25 214 2
25 1799 2
25 422 1
25 953 1
25 563 2
25 64 2
25 97 1
25 731 1
25 688 7
25 657 2
25 45 2
25 229 3
25 910 1
25 693 1
25 1534 1
25 2047 1
25 338 1
25 300 1
25 25 1
25 484 1
25 1036 2
25 1265 1
25 1385 1
25 1365 1
25 2347 2
25 328 1
25 1906 1
25 1403 1
25 562 2
25 694 2
25 436 1
25 36 1
25 518 2
25 472 1
25 362 1
25 652 1
25 317 1
25 296 1
25 265 1
25 2102 1
25 384 1
25 398 1
25 836 1
25 2034 1
25 2174 1
25 955 1
25 407 5
25 200 1
25 1026 3
25 329 19
25 27 1
25 2279 1
25 667 1
25 2331 1
25 95 1
25 400 1
25 919 2
25 601 1
25 2108 1
25 109 2
25 243 1
25 1011 1
25 151 1
25 529 3
25 343 2
25 2147 1
25 78 1
25 106 4
25 1181 1
25 983 3
25 275 2
25 157 1
25 65 2
25 515 1
25 138 1
25 81 2
25 908 1
25 1067 1
25 371 4
25 204 2
25 1079 1
25 346 6
25 1412 1
25 1210 1
25 895 1
25 749 1
25 268 1
25 856 1
25 112 1
25 915 1
25 319 2
25 224 1
25 187 1
25 646 1
25 79 1
25 352 1
25 126 1
25 426 1
25 542 2
25 369 5
25 1435 2
25 2421 1
25 209 1
25 1417 1
25 1118 1
25 428 1
25 7 2
25 80 1
25 26 1
25 457 1
25 696 1
25 2497 1
25 1830 19
25 843 2
25 671 1
25 1182 1
25 1447 1
25 167 2
25 360 1
25 610 1
25 592 1
25 50 2
25 304 1
25 1076 3
25 482 1
25 66 1
25 293 1
25 1611 1
25 1326 1
25 322 1
25 682 1
25 1895 1
25 141 1
25 2409 1
25 30 1
25 909 1
25 1485 1
25 979 1
25 128 1
25 466 2
25 310 1
25 303 3
25 192 1
25 250 1
25 421 1
25 687 1
25 1323 1
25 53 1
25 1465 1
25 703 3
25 1437 1
25 318 2
25 1729 1
25 13 1
25 2480 1
25 951 1
25 332 1
25 2380 1
25 38 7
25 1217 1
25 4 2
26 32 2
26 276 1
26 898 1
26 84 1
26 57 1
26 194 1
26 1273 1
26 451 1
26 395 1
26 988 3
26 849 1
26 11 3
26 93 1
26 29 3
26 572 1
26 291 1
26 114 5
26 684 1
26 101 3
26 67 1
26 139 1
26 495 2
26 811 1
26 249 1
26 49 1
26 314 1
26 154 1
26 23 2
26 364 1
26 847 1
26 1015 1
26 98 1
26 1800 1
26 1017 1
26 679 1
26 193 1
26 410 2
26 74 2
26 334 1
26 1180 1
26 299 3
26 536 1
26 201 1
26 342 1
26 1056 1
26 87 1
26 1571 1
26 64 3
26 1560 4
26 41 1
26 312 1
26 260 1
26 2059 1
26 315 1
26 567 1
26 416 1
26 338 1
26 1915 1
26 838 2
26 380 1
26 286 1
26 120 2
26 870 1
26 1148 4
26 581 5
26 906 1
26 1365 1
26 122 2
26 143 1
26 46 2
26 1685 1
26 927 1
26 1851 1
26 1891 1
26 301 1
26 2291 1
26 2187 6
26 2302 1
26 518 1
26 169 1
26 478 1
26 1143 1
26 1677 1
26 2400 1
26 1320 1
26 200 1
26 1026 1
26 376 2
26 787 1
26 667 3
26 27 1
26 1443 1
26 161 1
26 95 1
26 582 1
26 1268 1
26 313 1
26 2376 1
26 243 1
26 468 1
26 413 1
26 764 1
26 106 2
26 1181 1
26 803 3
26 203 3
26 1208 1
26 1874 1
26 1213 3
26 81 2
26 1191 2
26 1199 2
26 2167 1
26 1079 2
26 2422 2
26 346 1
26 924 1
26 1868 1
26 760 8
26 895 1
26 268 2
26 1271 2
26 352 1
26 487 1
26 1034 1
26 577 1
26 176 1
26 1769 1
26 1860 2
26 2116 1
26 2472 1
26 99 1
26 457 1
26 264 6
26 1122 1
26 2499 2
26 277 1
26 462 1
26 1770 1
26 1527 4
26 167 1
26 48 1
26 514 1
26 610 1
26 1605 1
26 133 1
26 513 2
26 304 4
26 56 2
26 19 2
26 1151 1
26 54 1
26 469 1
26 353 1
26 1009 1
26 1159 1
26 75 1
26 1230 5
26 687 1
26 1405 1
26 2498 1
26 941 1
26 951 2
26 3 4
26 2329 3
26 4 19
26 745 1
26 242 1
27 127 2
27 1850 2
27 767 1
27 1543 1
27 634 2
27 578 22
27 29 21
27 382 4
27 73 1
27 1028 4
27 1190 1
27 917 1
27 548 2
27 1246 1
27 811 1
27 236 1
27 706 2
27 361 4
27 135 1
27 2256 2
27 131 3
27 993 2
27 96 1
27 555 1
27 8 19
27 367 1
27 1634 3
27 621 1
27 193 2
27 180 8
27 647 1
27 1441 2
27 61 1
27 1926 2
27 299 1
27 103 1
27 536 1
27 113 4
27 1826 1
27 342 4
27 91 1
27 87 2
27 77 1
27 97 2
27 41 1
27 12 3
27 45 2
27 68 3
27 100 6
27 222 11
27 25 4
27 254 1
27 2254 1
27 328 1
27 777 2
27 813 1
27 1699 1
27 1073 2
27 1304 2
27 816 1
27 456 1
27 2411 4
27 398 1
27 1700 1
27 386 1
27 445 2
27 18 18
27 366 2
27 609 1
27 1561 2
27 106 1
27 1096 1
27 1549 2
27 321 1
27 1074 1
27 186 2
27 708 1
27 2352 4
27 756 1
27 1582 1
27 2103 6
27 2221 1
27 372 1
27 33 4
27 1559 2
27 80 1
27 1673 1
27 10 2
27 692 1
27 133 3
27 513 1
27 149 1
27 631 1
27 1946 1
27 293 2
27 353 2
27 141 1
27 28 2
27 75 12
27 501 1
27 215 6
27 818 1
27 245 1
27 13 4
27 1514 1
27 356 1
27 4 3
27 34 12
28 1404 1
28 163 2
28 1806 2
28 11 1
28 728 1
28 226 1
28 429 1
28 153 1
28 1506 1
28 139 2
28 327 1
28 944 1
28 662 2
28 1772 1
28 14 1
28 985 1
28 96 1
28 1015 1
28 1048 9
28 1484 1
28 193 1
28 460 1
28 119 1
28 244 1
28 1441 1
28 246 2
28 299 1
28 2024 1
28 189 3
28 1529 1
28 342 1
28 266 2
28 87 1
28 174 1
28 1799 1
28 564 1
28 12 1
28 52 1
28 1756 1
28 1036 1
28 1384 1
28 2242 1
28 2078 1
28 239 2
28 235 1
28 1418 1
28 317 1
28 1542 1
28 386 2
28 2338 1
28 1007 1
28 109 1
28 888 1
28 343 3
28 700 1
28 78 1
28 65 1
28 197 1
28 1731 3
28 1414 1
28 724 1
28 911 1
28 17 4
28 677 2
28 2192 1
28 708 1
28 147 1
28 749 1
28 895 1
28 1291 1
28 1834 1
28 952 1
28 494 1
28 176 2
28 956 1
28 372 1
28 1540 2
28 1661 1
28 821 1
28 277 1
28 92 1
28 938 2
28 414 1
28 462 2
28 991 1
28 167 2
28 56 3
28 66 1
28 1030 1
28 549 1
28 470 1
28 469 1
28 353 1
28 30 1
28 141 1
28 1039 1
28 128 1
28 466 1
28 75 1
28 450 1
28 960 1
28 1226 1
28 267 1
28 318 1
28 13 1
28 85 2
28 1647 1
28 3 1
28 38 2
28 4 1
28 1480 1
28 539 1
28 196 1
29 532 1
29 798 1
29 16 1
29 1109 1
29 11 2
29 1296 3
29 101 1
29 67 1
29 1322 1
29 418 1
29 236 1
29 627 1
29 1759 2
29 154 2
29 1886 1
29 855 1
29 679 1
29 193 1
29 174 3
29 64 1
29 45 1
29 1636 1
29 315 1
29 506 2
29 300 2
29 120 1
29 607 1
29 122 1
29 143 1
29 2268 1
29 608 1
29 1735 1
29 200 1
29 2338 1
29 582 1
29 2108 4
29 987 1
29 455 2
29 26 1
29 72 1
29 843 1
29 625 2
29 618 3
29 687 1
29 2332 1
29 2298 1
29 271 1
29 3 2
29 185 1
29 832 1
30 32 1
30 118 1
30 1674 1
30 1050 1
30 16 1
30 921 4
30 233 1
30 437 2
30 368 1
30 163 1
30 175 1
30 208 2
30 93 1
30 29 7
30 2437 1
30 350 1
30 684 1
30 648 1
30 76 1
30 833 1
30 812 1
30 1190 1
30 241 2
30 926 1
30 739 1
30 218 1
30 184 1
30 135 1
30 2381 2
30 49 1
30 24 3
30 131 3
30 1203 1
30 159 1
30 326 1
30 1633 1
30 1462 1
30 681 1
30 8 4
30 698 2
30 1867 1
30 453 1
30 880 1
30 440 1
30 430 1
30 342 1
30 341 1
30 1240 1
30 39 1
30 657 1
30 402 1
30 222 1
30 804 1
30 1415 1
30 870 3
30 381 1
30 392 1
30 328 1
30 42 7
30 816 2
30 748 1
30 317 1
30 169 3
30 785 1
30 125 1
30 44 1
30 1390 1
30 27 1
30 190 1
30 95 1
30 919 1
30 718 1
30 78 1
30 1665 1
30 60 1
30 2 1
30 2492 1
30 228 1
30 1142 1
30 863 1
30 404 1
30 1082 1
30 617 1
30 126 2
30 542 1
30 1305 1
30 1406 1
30 2407 1
30 1238 1
30 600 1
30 227 2
30 80 2
30 26 1
30 72 1
30 1937 1
30 1873 1
30 277 1
30 10 1
30 225 1
30 263 2
30 929 1
30 610 1
30 663 1
30 149 2
30 50 2
30 210 1
30 1519 1
30 482 1
30 173 1
30 66 2
30 54 1
30 1276 1
30 88 3
30 30 1
30 709 1
30 501 6
30 1226 1
30 1465 2
30 703 1
30 354 1
30 972 1
30 951 1
30 111 1
30 425 2
30 1740 2
30 4 7
30 242 1
31 1050 1
31 560 1
31 233 2
31 451 1
31 29 1
31 153 2
31 337 1
31 794 1
31 236 1
31 218 1
31 14 1
31 819 2
31 2256 2
31 131 2
31 704 1
31 8 2
31 679 1
31 453 1
31 1147 1
31 1202 5
31 1571 1
31 221 1
31 97 1
31 2223 1
31 68 1
31 761 1
31 222 1
31 1121 1
31 2426 1
31 1494 1
31 777 1
31 169 1
31 313 1
31 343 1
31 65 1
31 729 1
31 17 1
31 72 1
31 604 1
31 1510 1
31 514 1
31 2423 1
31 50 1
31 510 1
31 66 2
31 967 1
31 979 3
31 271 1
31 9 1
31 4 3
31 2056 1
32 206 1
32 102 1
32 16 1
32 233 6
32 11 1
32 29 4
32 2429 1
32 153 1
32 337 2
32 273 1
32 218 2
32 14 1
32 819 2
32 1819 1
32 131 1
32 985 1
32 96 1
32 8 3
32 335 1
32 1717 1
32 523 1
32 1202 1
32 240 2
32 230 2
32 342 1
32 579 1
32 221 4
32 229 1
32 45 1
32 405 1
32 638 1
32 1 1
32 1915 1
32 380 1
32 222 1
32 286 1
32 1121 1
32 2426 1
32 392 1
32 1085 1
32 777 2
32 143 1
32 235 1
32 630 1
32 51 1
32 317 1
32 2220 1
32 398 1
32 386 1
32 44 1
32 272 1
32 714 1
32 313 1
32 1627 3
32 1838 1
32 432 1
32 2 1
32 17 2
32 1590 6
32 117 1
32 2278 1
32 99 1
32 182 1
32 1596 1
32 10 1
32 1132 1
32 514 1
32 663 1
32 725 1
32 133 1
32 50 1
32 763 1
32 1287 2
32 166 1
32 635 1
32 353 1
32 979 8
32 466 1
32 75 2
32 1337 1
32 1707 1
32 543 1
32 461 2
32 318 1
32 1344 1
32 9 1
32 4 8
32 736 1
33 32 1
33 118 2
33 71 2
33 102 1
33 959 2
33 560 1
33 737 1
33 532 1
33 580 1
33 1273 2
33 463 1
33 517 1
33 220 1
33 316 2
33 163 1
33 395 2
33 584 1
33 35 1
33 11 4
33 492 1
33 511 1
33 978 1
33 93 2
33 2154 1
33 1184 1
33 865 1
33 1207 1
33 29 3
33 378 2
33 930 1
33 442 1
33 1615 1
33 1306 1
33 153 2
33 648 3
33 2406 1
33 340 1
33 311 1
33 1962 1
33 241 1
33 129 1
33 917 2
33 495 6
33 1345 1
33 859 1
33 811 1
33 1792 1
33 662 1
33 418 2
33 2324 1
33 236 3
33 202 1
33 135 4
33 776 1
33 1152 6
33 789 1
33 24 3
33 140 1
33 104 2
33 1900 2
33 131 11
33 181 1
33 412 2
33 594 1
33 314 1
33 307 3
33 971 1
33 2361 2
33 1203 1
33 23 2
33 96 1
33 364 9
33 653 1
33 159 1
33 2339 1
33 326 1
33 509 1
33 555 1
33 855 1
33 686 2
33 698 1
33 621 1
33 831 1
33 288 1
33 119 2
33 351 1
33 246 1
33 74 4
33 1666 1
33 440 1
33 1027 2
33 1607 1
33 1044 1
33 1315 1
33 1529 2
33 862 1
33 936 1
33 266 3
33 341 1
33 107 1
33 87 4
33 444 1
33 683 2
33 214 2
33 508 1
33 564 1
33 1336 1
33 221 2
33 64 5
33 1704 1
33 41 2
33 731 1
33 881 1
33 52 5
33 229 2
33 260 2
33 693 1
33 309 1
33 338 1
33 761 1
33 380 2
33 222 1
33 25 3
33 1395 2
33 484 1
33 1243 1
33 381 3
33 1148 1
33 254 26
33 1349 1
33 1464 2
33 1085 1
33 777 1
33 607 1
33 773 1
33 143 2
33 363 1
33 1851 1
33 1228 1
33 1752 1
33 562 1
33 518 2
33 51 1
33 472 1
33 317 1
33 2273 1
33 169 2
33 1143 2
33 384 1
33 2400 1
33 942 1
33 200 1
33 785 6
33 125 2
33 329 3
33 599 1
33 1390 2
33 1235 2
33 787 1
33 667 3
33 272 1
33 95 3
33 919 1
33 601 1
33 109 1
33 1977 1
33 151 2
33 753 1
33 1952 1
33 475 1
33 987 1
33 990 1
33 106 1
33 157 3
33 65 3
33 803 1
33 515 2
33 197 1
33 935 2
33 1335 5
33 81 1
33 137 2
33 1414 1
33 666 1
33 459 1
33 1067 1
33 247 1
33 204 1
33 2422 1
33 17 1
33 1063 1
33 885 2
33 82 1
33 339 1
33 1210 2
33 268 1
33 545 1
33 319 3
33 596 3
33 1157 7
33 1897 1
33 1690 1
33 282 1
33 1082 1
33 121 4
33 426 1
33 1594 3
33 577 3
33 256 1
33 63 2
33 1951 2
33 7 14
33 80 1
33 26 3
33 457 1
33 72 2
33 1475 2
33 500 1
33 2092 1
33 1212 1
33 1830 1
33 330 2
33 360 1
33 663 1
33 290 1
33 123 6
33 50 1
33 547 1
33 510 3
33 1077 1
33 2464 1
33 56 4
33 19 6
33 1151 2
33 763 1
33 470 1
33 839 1
33 166 1
33 353 1
33 1895 2
33 575 1
33 1176 1
33 30 1
33 141 1
33 709 2
33 466 2
33 40 1
33 192 1
33 421 1
33 2298 1
33 53 4
33 543 3
33 1294 6
33 826 2
33 3 1
33 390 1
33 332 2
33 1557 1
33 1740 1
33 4 9
33 1691 1
33 945 1
34 559 1
34 127 2
34 620 1
34 959 1
34 882 1
34 1065 3
34 898 1
34 1013 3
34 1069 1
34 1250 1
34 1806 1
34 994 1
34 634 1
34 31 1
34 988 3
34 1263 1
34 511 1
34 29 3
34 291 1
34 1584 1
34 114 10
34 226 2
34 642 2
34 571 3
34 1962 1
34 489 1
34 1110 1
34 876 2
34 168 1
34 361 1
34 218 1
34 135 8
34 348 1
34 178 3
34 104 1
34 385 1
34 1635 1
34 154 2
34 96 1
34 159 1
34 1692 1
34 8 4
34 98 1
34 1381 1
34 1017 1
34 743 2
34 679 1
34 943 1
34 324 1
34 1923 1
34 1241 1
34 647 1
34 240 1
34 1666 1
34 786 1
34 1168 2
34 230 1
34 1180 1
34 299 1
34 1289 1
34 1027 1
34 841 1
34 1072 3
34 1826 2
34 342 1
34 579 1
34 1240 2
34 535 1
34 214 1
34 1336 1
34 64 5
34 2378 1
34 12 1
34 41 1
34 260 1
34 405 1
34 1341 1
34 1530 2
34 68 1
34 762 2
34 1483 1
34 315 1
34 100 2
34 838 1
34 761 1
34 120 3
34 870 1
34 1415 3
34 896 1
34 1148 1
34 581 6
34 1321 2
34 1265 1
34 2389 1
34 777 1
34 122 2
34 143 1
34 46 1
34 1685 1
34 1851 1
34 1891 1
34 301 1
34 2187 1
34 1211 1
34 1449 1
34 1593 1
34 791 1
34 1649 1
34 1708 2
34 1355 1
34 942 1
34 955 2
34 785 1
34 599 5
34 787 1
34 1235 1
34 1007 1
34 272 2
34 534 3
34 714 1
34 313 2
34 231 1
34 151 1
34 148 4
34 753 1
34 1343 5
34 468 1
34 726 1
34 990 1
34 2218 1
34 349 2
34 106 2
34 1525 1
34 803 2
34 197 1
34 203 5
34 1383 1
34 81 2
34 1067 1
34 624 3
34 284 1
34 1079 1
34 204 4
34 346 1
34 729 1
34 1753 1
34 427 2
34 924 6
34 2415 1
34 650 2
34 333 2
34 710 1
34 760 13
34 268 3
34 319 1
34 191 1
34 1521 1
34 2229 1
34 1220 1
34 352 1
34 2297 1
34 636 1
34 1227 1
34 643 5
34 1860 4
34 879 1
34 1727 1
34 1447 2
34 632 2
34 1527 8
34 48 1
34 1605 1
34 123 1
34 625 3
34 304 1
34 50 1
34 210 2
34 2417 1
34 1583 2
34 1978 1
34 56 2
34 19 1
34 1151 2
34 1030 1
34 70 1
34 1141 2
34 2447 1
34 635 2
34 353 2
34 141 1
34 1176 1
34 1230 2
34 156 1
34 215 1
34 501 1
34 2091 1
34 2098 1
34 271 1
34 1256 1
34 703 1
34 826 1
34 85 1
34 3 6
34 2329 8
34 38 1
34 4 19
34 781 1
35 358 1
35 194 1
35 139 2
35 1059 1
35 236 1
35 465 1
35 168 1
35 14 1
35 1189 1
35 154 1
35 1101 1
35 855 1
35 288 1
35 193 2
35 113 1
35 953 1
35 41 1
35 657 1
35 45 1
35 1092 1
35 46 1
35 1811 1
35 518 1
35 791 1
35 2029 1
35 796 1
35 609 1
35 667 1
35 601 1
35 109 1
35 65 2
35 81 1
35 1191 1
35 371 1
35 1567 1
35 191 1
35 487 1
35 1118 1
35 806 1
35 48 1
35 2246 1
35 50 1
35 56 1
35 1030 1
35 979 2
35 250 1
35 687 1
35 4 5
36 32 1
36 2424 1
36 451 2
36 722 1
36 89 1
36 11 2
36 29 1
36 241 1
36 198 1
36 1573 1
36 794 4
36 1718 1
36 236 1
36 135 3
36 1259 1
36 24 1
36 131 4
36 1479 1
36 985 1
36 1068 1
36 976 1
36 1061 1
36 288 1
36 410 1
36 103 1
36 1898 1
36 2470 1
36 2137 1
36 87 1
36 97 1
36 45 2
36 402 1
36 1 2
36 338 2
36 305 1
36 1471 1
36 254 2
36 607 1
36 773 1
36 143 1
36 791 1
36 1167 1
36 787 1
36 313 1
36 109 1
36 1952 1
36 78 1
36 726 2
36 990 2
36 65 1
36 1213 2
36 459 1
36 247 1
36 860 1
36 17 1
36 1119 1
36 147 1
36 69 2
36 262 1
36 209 1
36 99 1
36 1598 3
36 1182 1
36 394 1
36 1132 1
36 50 1
36 304 1
36 396 3
36 30 1
36 75 1
36 310 1
36 1115 1
36 960 1
36 1226 1
36 1913 1
36 13 1
36 257 1
36 185 1
36 38 1
36 4 5
37 395 1
37 31 1
37 1263 3
37 11 1
37 492 1
37 728 1
37 948 1
37 889 1
37 337 1
37 101 1
37 139 1
37 135 1
37 14 1
37 131 1
37 154 1
37 364 1
37 96 1
37 8 1
37 335 1
37 2143 1
37 2495 2
37 410 1
37 999 1
37 299 1
37 1826 1
37 1194 1
37 64 1
37 41 1
37 641 2
37 761 3
37 661 1
37 286 1
37 1265 1
37 568 1
37 1791 1
37 2180 1
37 2034 1
37 386 1
37 200 1
37 27 4
37 1746 1
37 247 2
37 1210 1
37 494 2
37 1613 1
37 264 2
37 1108 1
37 1883 1
37 274 1
37 1039 1
37 946 1
37 1230 1
37 215 1
37 864 2
37 461 1
37 13 1
37 3 1
37 4 5
38 559 1
38 32 1
38 206 1
38 882 1
38 331 2
38 580 1
38 798 1
38 451 1
38 395 2
38 89 1
38 722 1
38 1021 1
38 634 1
38 11 2
38 347 1
38 511 1
38 728 1
38 2161 1
38 572 4
38 2445 1
38 1969 1
38 291 2
38 114 2
38 1145 1
38 101 1
38 340 1
38 982 1
38 571 1
38 139 1
38 917 1
38 1059 2
38 2145 1
38 939 1
38 1345 1
38 1281 3
38 418 1
38 2233 1
38 236 1
38 465 2
38 218 1
38 249 1
38 202 1
38 1177 1
38 1819 1
38 2052 1
38 104 4
38 1269 1
38 385 2
38 1286 5
38 314 1
38 1463 1
38 154 3
38 1203 1
38 23 12
38 355 1
38 704 1
38 569 1
38 8 1
38 716 1
38 619 1
38 2434 4
38 1957 1
38 523 10
38 193 1
38 2449 1
38 1645 2
38 1460 1
38 351 1
38 410 1
38 74 6
38 440 2
38 786 3
38 2227 1
38 230 1
38 835 1
38 447 1
38 103 1
38 922 1
38 415 2
38 2237 2
38 423 1
38 152 1
38 1139 2
38 862 1
38 91 1
38 266 1
38 107 1
38 701 1
38 481 1
38 174 4
38 214 3
38 541 1
38 1215 1
38 953 2
38 64 23
38 97 14
38 41 5
38 12 2
38 45 1
38 260 2
38 370 1
38 188 2
38 1 3
38 416 1
38 144 1
38 1641 1
38 120 7
38 1036 1
38 1148 1
38 1349 3
38 1265 2
38 496 1
38 373 1
38 607 1
38 22 2
38 363 1
38 1752 7
38 301 2
38 694 1
38 1342 1
38 472 2
38 1655 1
38 568 5
38 362 2
38 296 3
38 2155 1
38 169 4
38 791 1
38 1642 2
38 398 1
38 2016 1
38 2034 1
38 546 1
38 2043 2
38 1339 1
38 366 1
38 125 12
38 1541 1
38 329 2
38 667 2
38 27 5
38 1443 1
38 582 1
38 1646 1
38 20 1
38 2376 1
38 1983 2
38 1977 1
38 343 1
38 468 2
38 413 2
38 106 2
38 275 1
38 2208 2
38 853 1
38 666 2
38 903 1
38 1340 1
38 17 1
38 186 1
38 1938 1
38 749 2
38 895 1
38 2142 1
38 319 1
38 545 1
38 223 1
38 735 1
38 1897 1
38 121 5
38 1944 1
38 79 3
38 352 2
38 487 1
38 2372 1
38 2248 1
38 369 2
38 1905 1
38 1118 2
38 63 1
38 80 1
38 26 2
38 2116 1
38 457 4
38 72 3
38 696 1
38 1901 1
38 255 1
38 806 2
38 1108 2
38 2031 19
38 414 1
38 980 1
38 843 2
38 1477 1
38 1491 1
38 1620 1
38 225 1
38 394 1
38 167 1
38 48 2
38 514 1
38 929 6
38 610 1
38 210 1
38 1583 1
38 482 1
38 19 1
38 274 3
38 549 1
38 575 7
38 141 1
38 1176 1
38 570 1
38 1039 1
38 40 1
38 156 1
38 310 1
38 250 2
38 192 1
38 687 4
38 864 2
38 826 1
38 583 1
38 318 1
38 13 1
38 951 1
38 840 1
38 3 2
38 390 1
38 9 1
38 146 1
38 528 1
38 832 1
38 196 1
38 945 1
38 242 1
39 206 1
39 1698 1
39 358 4
39 1619 3
39 316 1
39 35 1
39 11 1
39 492 3
39 29 1
39 15 1
39 73 1
39 1110 1
39 135 2
39 1934 1
39 1101 2
39 47 2
39 8 1
39 880 1
39 1926 1
39 719 1
39 1319 1
39 1394 1
39 1153 1
39 905 1
39 221 1
39 64 1
39 558 1
39 12 1
39 750 1
39 1723 1
39 1827 2
39 2309 1
39 838 1
39 120 4
39 496 1
39 1196 2
39 373 4
39 777 1
39 464 1
39 1316 9
39 2011 1
39 6 1
39 2159 2
39 1622 1
39 169 1
39 1642 1
39 384 3
39 1320 1
39 1457 1
39 125 1
39 1993 1
39 298 4
39 779 1
39 2076 1
39 203 1
39 751 1
39 137 3
39 1199 2
39 17 1
39 2415 1
39 1412 1
39 1705 2
39 2027 1
39 223 1
39 735 1
39 404 1
39 487 3
39 2436 2
39 1613 1
39 1840 2
39 176 1
39 643 1
39 99 2
39 533 2
39 676 1
39 604 3
39 477 1
39 1164 1
39 671 1
39 133 1
39 625 1
39 1907 1
39 631 1
39 210 3
39 322 1
39 88 1
39 1382 1
39 128 1
39 250 1
39 1361 1
39 1313 1
39 1397 1
39 3 2
39 38 1
39 4 4
40 559 2
40 882 1
40 358 7
40 767 2
40 1387 1
40 451 1
40 220 3
40 1109 14
40 35 1
40 1263 1
40 11 4
40 511 2
40 93 1
40 292 1
40 29 1
40 350 1
40 572 2
40 1584 1
40 67 1
40 1190 1
40 1392 1
40 2391 1
40 418 2
40 933 1
40 236 4
40 465 1
40 218 2
40 348 1
40 1189 1
40 1177 1
40 776 1
40 1152 1
40 24 3
40 140 1
40 1900 1
40 104 1
40 131 2
40 181 1
40 1558 2
40 954 1
40 234 1
40 594 1
40 1635 1
40 985 1
40 154 3
40 23 3
40 364 1
40 355 1
40 486 3
40 8 1
40 2101 1
40 1017 1
40 743 1
40 1957 2
40 720 1
40 831 1
40 1645 1
40 2322 2
40 74 4
40 1168 2
40 1854 1
40 299 4
40 103 1
40 536 1
40 379 2
40 423 1
40 612 1
40 341 1
40 701 1
40 481 1
40 174 3
40 817 1
40 563 1
40 64 18
40 41 1
40 312 2
40 1126 1
40 45 6
40 260 1
40 693 1
40 188 1
40 567 1
40 506 2
40 641 1
40 338 1
40 222 1
40 25 1
40 484 1
40 381 1
40 305 1
40 254 1
40 1407 2
40 678 1
40 496 1
40 1779 1
40 46 1
40 2353 1
40 1228 1
40 1811 1
40 694 1
40 472 1
40 296 1
40 169 1
40 171 1
40 2034 1
40 407 4
40 2496 1
40 2369 1
40 329 1
40 599 1
40 787 4
40 667 2
40 27 1
40 161 1
40 1499 1
40 1564 1
40 2108 1
40 109 1
40 151 4
40 1627 1
40 1285 1
40 106 1
40 157 1
40 65 1
40 197 2
40 138 1
40 137 1
40 81 1
40 284 1
40 1340 1
40 371 1
40 204 1
40 814 1
40 924 1
40 186 1
40 885 1
40 333 4
40 1210 2
40 268 2
40 596 2
40 1586 1
40 1897 1
40 2060 1
40 420 1
40 79 3
40 494 1
40 1137 2
40 1487 2
40 63 1
40 457 1
40 255 2
40 918 1
40 843 1
40 671 1
40 1491 4
40 48 1
40 2444 1
40 663 1
40 513 1
40 50 1
40 304 5
40 2219 1
40 482 1
40 274 2
40 1299 1
40 967 1
40 353 2
40 575 1
40 30 1
40 2384 1
40 1485 1
40 883 1
40 310 1
40 250 4
40 192 1
40 1163 1
40 215 1
40 501 1
40 2196 1
40 1405 2
40 941 3
40 318 1
40 2392 1
40 13 3
40 85 3
40 3 1
40 4 4
40 1691 1
40 242 1
41 1193 1
41 233 1
41 1890 1
41 11 2
41 492 1
41 2154 1
41 1939 1
41 1962 1
41 825 1
41 129 1
41 418 1
41 236 1
41 140 1
41 1286 1
41 716 1
41 1427 1
41 619 3
41 680 1
41 193 3
41 786 2
41 835 1
41 103 1
41 936 1
41 1419 1
41 2137 1
41 474 1
41 174 8
41 558 4
41 881 1
41 657 1
41 45 1
41 260 1
41 120 1
41 286 1
41 239 1
41 122 1
41 143 1
41 927 1
41 1891 1
41 296 1
41 169 2
41 791 1
41 407 4
41 2349 2
41 1026 1
41 44 1
41 27 1
41 151 1
41 157 1
41 1549 1
41 515 1
41 935 1
41 203 2
41 1242 1
41 204 3
41 186 1
41 333 1
41 749 1
41 268 1
41 121 1
41 494 4
41 369 5
41 651 1
41 483 1
41 1417 1
41 810 1
41 1238 2
41 63 1
41 1122 1
41 1727 1
41 48 1
41 725 1
41 663 6
41 513 1
41 625 1
41 50 1
41 210 1
41 56 1
41 635 2
41 250 1
41 271 2
41 1405 2
41 1358 1
41 802 1
41 38 1
41 4 2
42 206 2
42 767 1
42 233 2
42 584 3
42 11 1
42 29 1
42 73 2
42 76 2
42 917 1
42 1916 1
42 96 1
42 8 5
42 1728 2
42 999 1
42 1008 1
42 221 1
42 12 1
42 45 3
42 1734 1
42 641 1
42 144 1
42 25 1
42 1121 2
42 213 1
42 51 2
42 1478 1
42 317 1
42 169 1
42 329 1
42 1018 2
42 1423 1
42 1469 1
42 714 1
42 343 1
42 981 1
42 1627 2
42 2035 1
42 935 1
42 2081 1
42 1847 2
42 110 1
42 1291 1
42 1297 2
42 1690 2
42 669 1
42 79 1
42 952 1
42 344 1
42 1034 1
42 372 1
42 117 1
42 336 1
42 99 1
42 1673 2
42 414 2
42 225 2
42 2423 1
42 2178 1
42 592 2
42 499 1
42 54 1
42 322 1
42 9 1
42 4 2
43 1619 1
43 1625 1
43 611 1
43 31 1
43 35 2
43 11 1
43 2140 1
43 1333 2
43 29 3
43 471 2
43 131 2
43 159 1
43 704 1
43 8 2
43 270 1
43 240 2
43 230 1
43 430 3
43 189 1
43 1394 1
43 683 2
43 564 1
43 221 3
43 41 1
43 1783 1
43 1827 1
43 1 2
43 328 2
43 1085 1
43 143 1
43 1316 4
43 2226 1
43 44 1
43 27 1
43 1443 1
43 343 1
43 1242 1
43 79 1
43 344 1
43 1840 1
43 483 1
43 604 1
43 1697 1
43 414 1
43 477 1
43 550 1
43 1477 1
43 2423 1
43 123 1
43 1907 2
43 50 1
43 393 1
43 66 2
43 19 1
43 70 1
43 1176 1
43 848 1
43 1294 1
43 354 1
43 9 1
43 1486 1
43 1099 1
43 356 5
43 4 1
44 127 2
44 233 3
44 492 1
44 695 1
44 649 3
44 67 1
44 241 1
44 917 1
44 859 1
44 622 1
44 1881 1
44 789 1
44 5 1
44 743 1
44 1555 1
44 1086 1
44 45 2
44 370 1
44 100 2
44 1395 1
44 254 2
44 122 1
44 1888 1
44 998 1
44 534 1
44 853 1
44 81 1
44 247 2
44 1041 1
44 1753 1
44 112 3
44 404 1
44 613 1
44 952 1
44 636 1
44 2497 1
44 182 1
44 676 1
44 330 1
44 149 1
44 1544 2
44 1294 1
44 461 1
44 972 1
44 1515 1
45 276 1
45 1387 1
45 1768 1
45 1106 1
45 1806 1
45 1263 1
45 11 2
45 2320 1
45 492 2
45 2161 1
45 15 1
45 431 1
45 2387 1
45 101 2
45 1506 1
45 982 1
45 2130 1
45 495 2
45 1792 1
45 662 1
45 236 1
45 135 1
45 627 1
45 385 1
45 314 1
45 23 1
45 96 1
45 1025 1
45 8 1
45 538 2
45 193 1
45 2164 1
45 74 1
45 1666 1
45 334 1
45 488 2
45 299 1
45 835 4
45 841 3
45 415 1
45 1035 1
45 1826 1
45 342 1
45 1747 1
45 480 1
45 474 2
45 820 2
45 64 4
45 97 1
45 2378 1
45 41 1
45 52 2
45 1628 1
45 260 1
45 910 2
45 762 4
45 338 1
45 893 1
45 120 2
45 286 1
45 239 1
45 607 1
45 777 1
45 143 1
45 628 1
45 46 2
45 1891 1
45 733 1
45 694 2
45 296 1
45 169 1
45 836 1
45 1720 1
45 407 2
45 125 1
45 785 5
45 272 1
45 148 2
45 990 1
45 397 1
45 1525 1
45 1874 2
45 751 2
45 137 7
45 1067 1
45 1400 2
45 1199 1
45 1195 3
45 2415 3
45 863 1
45 1210 1
45 319 5
45 588 1
45 1852 7
45 352 1
45 542 3
45 961 1
45 209 1
45 852 1
45 63 1
45 7 1
45 2499 1
45 879 1
45 513 1
45 290 1
45 631 1
45 547 1
45 210 15
45 1583 4
45 19 1
45 1151 1
45 645 1
45 353 3
45 375 1
45 984 1
45 1452 3
45 141 2
45 192 1
45 1337 1
45 1313 1
45 2332 2
45 1323 1
45 1024 2
45 185 1
45 4 2
46 276 1
46 798 1
46 220 1
46 451 1
46 2025 1
46 849 1
46 11 1
46 492 1
46 1550 1
46 347 1
46 29 1
46 114 2
46 684 3
46 67 1
46 1780 5
46 418 1
46 933 1
46 218 1
46 627 2
46 385 1
46 1479 1
46 1286 1
46 1635 1
46 154 1
46 23 1
46 680 1
46 1602 1
46 193 1
46 324 1
46 74 5
46 334 1
46 440 5
46 1168 1
46 835 1
46 201 2
46 841 2
46 1386 1
46 1639 3
46 2470 1
46 1240 1
46 467 1
46 64 3
46 12 2
46 52 1
46 312 1
46 1002 1
46 762 2
46 402 6
46 300 1
46 120 2
46 2482 1
46 581 2
46 628 1
46 1891 2
46 518 1
46 384 2
46 1720 1
46 942 1
46 2177 1
46 1798 1
46 785 3
46 1235 1
46 667 1
46 1621 3
46 582 1
46 148 1
46 504 1
46 1838 1
46 1507 1
46 65 2
46 935 1
46 203 1
46 751 6
46 81 1
46 137 4
46 1191 1
46 907 1
46 708 1
46 1210 1
46 323 1
46 596 5
46 1521 1
46 735 1
46 282 1
46 79 1
46 1852 3
46 352 1
46 2372 1
46 643 1
46 1238 2
46 1475 1
46 2230 1
46 1081 2
46 1527 1
46 725 1
46 547 1
46 1583 1
46 2417 1
46 549 1
46 2413 1
46 1141 1
46 141 1
46 1452 1
46 2384 2
46 1005 3
46 75 1
46 40 1
46 303 2
46 2332 1
46 826 1
46 3 3
46 2368 5
46 4 4
46 1985 1
46 832 1
47 2424 1
47 16 1
47 233 2
47 451 1
47 220 1
47 1408 1
47 11 1
47 347 1
47 2144 1
47 1207 1
47 572 1
47 58 1
47 684 1
47 101 2
47 76 1
47 585 1
47 348 1
47 1298 1
47 131 3
47 307 1
47 1916 1
47 154 1
47 364 3
47 509 1
47 743 1
47 119 1
47 1332 1
47 240 2
47 334 2
47 1168 1
47 103 1
47 201 1
47 841 3
47 415 1
47 820 2
47 474 1
47 221 1
47 2378 1
47 657 1
47 312 2
47 260 1
47 910 1
47 506 1
47 1395 1
47 2482 1
47 254 1
47 607 1
47 628 1
47 235 1
47 518 1
47 296 1
47 1791 2
47 478 1
47 1720 1
47 407 2
47 125 1
47 667 1
47 27 1
47 1621 3
47 601 1
47 148 2
47 106 1
47 157 1
47 275 1
47 751 4
47 1074 1
47 1210 1
47 323 1
47 268 1
47 345 1
47 596 2
47 542 1
47 483 2
47 1417 1
47 1860 1
47 264 1
47 806 1
47 843 1
47 142 1
47 48 2
47 2246 1
47 1422 1
47 56 2
47 19 1
47 306 1
47 322 2
47 353 1
47 75 1
47 192 1
47 303 1
47 278 1
47 2098 1
47 491 1
47 941 1
47 9 1
47 146 1
47 4 5
48 32 1
48 882 1
48 233 1
48 1490 1
48 114 1
48 795 1
48 2391 1
48 131 1
48 8 2
48 1032 2
48 39 1
48 68 1
48 328 1
48 42 5
48 1304 1
48 2220 1
48 27 1
48 161 1
48 78 1
48 203 1
48 1074 2
48 17 1
48 664 2
48 2352 2
48 212 1
48 2103 1
48 99 1
48 2497 1
48 604 1
48 592 1
48 66 1
48 155 1
48 1492 3
48 13 2
48 4 3
49 451 1
49 1408 1
49 849 1
49 11 1
49 2445 1
49 226 1
49 684 2
49 337 1
49 101 1
49 739 1
49 1110 1
49 662 1
49 348 3
49 627 1
49 131 1
49 385 1
49 154 2
49 355 1
49 1101 1
49 486 2
49 2143 1
49 103 1
49 841 4
49 1386 1
49 1072 2
49 2470 2
49 1240 1
49 820 1
49 1799 1
49 45 3
49 68 1
49 2059 1
49 506 1
49 338 1
49 120 2
49 2078 1
49 143 2
49 628 1
49 46 2
49 362 1
49 942 2
49 1720 2
49 407 1
49 609 1
49 667 1
49 272 3
49 109 3
49 148 3
49 106 1
49 65 3
49 935 1
49 751 3
49 724 3
49 284 1
49 1248 1
49 1210 1
49 1656 1
49 323 5
49 121 1
49 1852 1
49 487 3
49 483 4
49 72 1
49 806 2
49 142 2
49 167 1
49 304 1
49 969 1
49 482 1
49 56 2
49 659 1
49 141 1
49 570 1
49 2384 1
49 1005 1
49 252 1
49 303 1
49 250 1
49 53 1
49 1426 1
49 38 1
49 4 9
49 528 1
50 118 2
50 580 1
50 31 1
50 511 6
50 728 1
50 15 1
50 337 1
50 876 1
50 418 1
50 758 1
50 236 1
50 1612 2
50 24 1
50 502 2
50 314 1
50 154 1
50 2212 1
50 8 1
50 37 1
50 598 2
50 647 3
50 480 1
50 64 1
50 45 6
50 1 1
50 338 1
50 1265 1
50 158 1
50 493 1
50 2034 1
50 546 1
50 2029 1
50 329 1
50 313 1
50 697 1
50 1838 1
50 2404 1
50 197 1
50 81 1
50 1340 1
50 17 1
50 895 1
50 345 2
50 121 1
50 1118 4
50 170 1
50 336 1
50 99 1
50 393 1
50 19 1
50 310 1
50 215 1
50 687 1
50 826 1
50 318 1
50 13 1
50 38 2
50 4 2
51 21 1
51 165 1
51 1284 1
51 7 2
51 26 1
51 227 1
51 2157 1
51 80 3
51 2 1
51 520 1
51 435 1
51 144 1
51 16 1
51 55 1
51 410 2
51 128 1
51 1864 1
51 74 1
51 156 1
51 108 1
51 230 2
51 218 1
51 115 1
51 14 1
51 377 1
51 69 1
51 319 1
51 633 1
51 922 1
51 151 1
51 858 1
51 1366 2
51 150 4
51 343 1
51 1984 2
51 468 1
51 1024 3
51 239 1
51 287 1
51 48 1
51 22 1
51 13 1
51 355 1
51 6 1
51 159 3
51 2284 1
51 36 1
51 1584 1
51 183 1
51 213 1
51 94 1
51 114 1
51 816 1
51 9 3
51 41 3
51 302 1
51 411 1
51 37 1
51 62 2
52 836 1
52 63 1
52 90 2
52 977 1
52 336 1
52 1867 1
52 162 1
52 522 1
52 1125 1
52 246 1
52 74 1
52 95 1
52 194 1
52 1866 1
52 115 3
52 1372 1
52 722 1
52 343 1
52 152 1
52 1139 3
52 142 1
52 1290 2
52 1222 1
52 91 1
52 1132 1
52 701 1
52 769 1
52 508 1
52 931 1
52 133 1
52 1303 1
52 12 1
52 312 1
52 1328 1
52 56 2
52 73 1
52 260 1
52 656 1
52 470 1
52 165 1
52 1573 1
52 68 1
52 1063 1
52 2 1
52 401 1
52 353 1
52 186 1
52 156 1
52 83 1
52 596 1
52 49 1
52 24 1
52 678 1
52 516 1
52 646 1
52 1038 1
52 1713 1
52 962 1
52 446 1
52 79 1
52 281 5
52 639 1
52 352 2
52 46 2
52 23 2
52 6 1
52 1377 1
52 951 1
52 950 3
52 85 1
52 577 1
52 497 1
52 9 1
52 425 1
52 367 1
52 37 1
52 539 2
52 1029 1
52 270 1
52 242 1
53 21 1
53 71 2
53 26 1
53 27 1
53 533 1
53 108 1
53 2076 4
53 2315 1
53 91 1
53 991 2
53 558 1
53 337 1
53 198 2
53 1495 1
53 129 1
53 17 1
53 1276 1
53 30 1
53 654 1
53 1412 1
53 25 1
53 40 3
53 970 1
53 1730 1
53 6 1
53 2488 1
53 85 1
53 1015 1
53 1288 1
54 127 4
54 32 6
54 90 4
54 206 2
54 71 3
54 942 1
54 891 1
54 44 2
54 587 1
54 27 2
54 741 1
54 57 4
54 463 8
54 20 7
54 151 1
54 89 6
54 849 1
54 11 1
54 2489 1
54 287 1
54 1421 1
54 1019 4
54 441 1
54 665 1
54 93 1
54 157 2
54 325 1
54 65 1
54 197 1
54 291 1
54 853 1
54 114 1
54 211 3
54 60 2
54 527 1
54 1201 2
54 73 1
54 459 1
54 86 3
54 311 1
54 62 2
54 2170 1
54 1495 1
54 389 1
54 911 3
54 2 12
54 2192 1
54 110 2
54 913 1
54 1864 1
54 2086 4
54 228 1
54 933 1
54 168 3
54 184 1
54 14 6
54 69 4
54 819 1
54 172 2
54 24 3
54 104 2
54 1876 2
54 234 1
54 1135 1
54 754 1
54 1006 1
54 23 1
54 1528 1
54 355 2
54 238 1
54 159 1
54 636 1
54 577 2
54 486 1
54 1563 1
54 1003 3
54 2243 1
54 37 1
54 256 1
54 686 2
54 5 4
54 63 1
54 80 1
54 26 1
54 119 3
54 521 2
54 162 1
54 72 1
54 255 1
54 790 2
54 74 1
54 1168 1
54 61 4
54 115 1
54 1001 1
54 1489 1
54 10 3
54 113 4
54 152 2
54 189 1
54 142 1
54 207 1
54 579 1
54 360 1
54 1132 1
54 87 1
54 97 3
54 12 3
54 765 1
54 897 1
54 510 1
54 530 1
54 56 1
54 229 1
54 449 1
54 405 1
54 19 1
54 365 1
54 274 2
54 237 2
54 503 3
54 70 4
54 315 2
54 1 15
54 116 7
54 909 2
54 300 1
54 965 1
54 616 1
54 28 6
54 883 2
54 40 1
54 484 1
54 928 1
54 59 1
54 421 3
54 623 1
54 130 6
54 245 1
54 122 5
54 22 2
54 318 1
54 1064 1
54 13 3
54 6 11
54 185 1
54 36 3
54 3 6
54 332 1
54 94 5
54 597 1
54 9 2
54 1686 1
54 38 1
54 296 1
54 317 1
54 411 3
54 196 1
54 242 1
55 398 1
55 892 1
55 1677 1
55 32 3
55 118 1
55 71 1
55 959 1
55 2206 1
55 850 4
55 16 1
55 2106 1
55 525 1
55 2338 2
55 55 4
55 27 2
55 161 2
55 190 1
55 1833 2
55 259 1
55 298 2
55 95 2
55 20 3
55 243 1
55 2017 6
55 722 2
55 31 5
55 1669 4
55 11 4
55 287 1
55 78 1
55 1927 1
55 93 1
55 1207 2
55 2450 5
55 675 2
55 1233 1
55 138 1
55 15 1
55 60 1
55 1328 1
55 73 2
55 101 1
55 311 1
55 823 3
55 903 1
55 371 1
55 67 1
55 165 1
55 289 2
55 129 5
55 2 3
55 17 6
55 327 3
55 845 1
55 2192 1
55 186 2
55 110 5
55 2238 3
55 228 1
55 590 1
55 168 4
55 2468 3
55 14 3
55 69 5
55 191 1
55 145 2
55 49 2
55 1297 3
55 224 1
55 187 1
55 2052 1
55 223 1
55 181 1
55 2057 6
55 282 1
55 1359 2
55 801 1
55 974 3
55 262 17
55 1420 2
55 23 3
55 2088 1
55 126 3
55 159 1
55 238 6
55 2490 2
55 426 1
55 636 1
55 369 1
55 1563 1
55 253 2
55 160 1
55 509 1
55 555 1
55 1133 2
55 209 1
55 37 5
55 1288 1
55 1842 3
55 621 2
55 21 1
55 554 1
55 428 2
55 7 6
55 1602 1
55 336 7
55 119 2
55 521 2
55 1332 1
55 244 5
55 72 1
55 162 1
55 821 3
55 179 1
55 780 1
55 880 3
55 383 11
55 2438 1
55 351 3
55 2066 1
55 74 2
55 246 1
55 999 1
55 2227 1
55 488 1
55 277 2
55 1001 1
55 1212 1
55 938 2
55 1338 1
55 189 2
55 1529 1
55 1350 1
55 1081 1
55 91 1
55 266 1
55 579 2
55 360 3
55 87 7
55 481 4
55 508 1
55 50 1
55 476 2
55 12 1
55 406 1
55 41 1
55 1626 1
55 52 1
55 765 1
55 949 1
55 173 1
55 56 4
55 229 2
55 2276 1
55 449 1
55 507 6
55 405 1
55 658 3
55 237 10
55 503 3
55 70 7
55 309 5
55 188 1
55 68 2
55 638 1
55 1 10
55 30 3
55 946 3
55 300 2
55 128 2
55 25 5
55 252 1
55 1005 1
55 28 1
55 310 1
55 83 1
55 1471 1
55 59 1
55 2065 1
55 623 2
55 678 2
55 2498 1
55 1070 5
55 2336 4
55 864 1
55 13 2
55 105 2
55 301 1
55 1051 1
55 6 10
55 36 1
55 3 15
55 597 1
55 94 5
55 9 4
55 38 1
55 362 1
55 568 1
55 317 2
55 745 1
55 705 3
56 90 1
56 71 1
56 18 2
56 44 1
56 557 1
56 11 2
56 934 1
56 1244 1
56 93 1
56 769 1
56 378 1
56 261 1
56 15 2
56 519 2
56 17 1
56 771 1
56 708 1
56 110 1
56 249 1
56 168 1
56 345 1
56 2458 1
56 234 1
56 344 1
56 96 2
56 479 2
56 950 1
56 486 1
56 651 1
56 2283 1
56 209 1
56 63 1
56 7 1
56 227 1
56 26 1
56 180 3
56 162 1
56 115 1
56 103 1
56 1401 1
56 142 1
56 91 3
56 50 1
56 97 4
56 41 1
56 19 2
56 54 1
56 25 2
56 128 1
56 1005 1
56 286 1
56 589 1
56 59 1
56 1115 1
56 278 1
56 1407 1
56 122 1
56 281 1
56 461 1
56 3 1
56 809 4
56 1103 1
56 317 2
56 34 2
56 493 1
57 2174 1
57 102 2
57 937 4
57 125 1
57 730 1
57 55 1
57 27 1
57 190 1
57 233 2
57 714 1
57 20 2
57 231 3
57 109 1
57 1806 1
57 611 1
57 148 4
57 849 1
57 11 1
57 475 1
57 978 1
57 93 1
57 764 1
57 106 1
57 275 1
57 65 1
57 1909 1
57 291 2
57 138 2
57 1162 1
57 211 4
57 15 8
57 81 1
57 1500 1
57 459 4
57 73 2
57 1870 2
57 76 2
57 62 4
57 1158 1
57 67 5
57 2308 2
57 139 1
57 825 1
57 2 1
57 911 1
57 585 1
57 17 2
57 435 2
57 1154 1
57 1995 13
57 1601 1
57 1954 3
57 14 1
57 135 1
57 112 1
57 172 1
57 145 2
57 24 2
57 224 3
57 104 2
57 234 1
57 2060 1
57 121 2
57 1635 2
57 952 1
57 2100 1
57 344 1
57 1722 1
57 2163 1
57 23 1
57 159 1
57 238 2
57 426 1
57 251 2
57 2259 2
57 1563 1
57 253 2
57 1037 1
57 209 3
57 1000 1
57 37 2
57 810 1
57 43 1
57 5 5
57 455 2
57 7 17
57 26 1
57 600 1
57 193 1
57 336 1
57 460 1
57 723 1
57 72 1
57 696 1
57 74 2
57 1334 1
57 108 7
57 92 1
57 201 4
57 232 1
57 113 4
57 1209 2
57 152 2
57 207 1
57 142 1
57 862 1
57 1883 1
57 670 1
57 541 1
57 625 1
57 41 1
57 52 7
57 784 1
57 510 1
57 897 7
57 19 4
57 449 13
57 866 1
57 54 3
57 2223 1
57 70 3
57 188 2
57 682 1
57 1 1
57 136 11
57 141 1
57 128 1
57 1439 1
57 25 1
57 120 1
57 40 1
57 490 1
57 1256 1
57 53 7
57 245 1
57 22 1
57 46 1
57 318 1
57 399 1
57 13 1
57 301 3
57 6 1
57 3 4
57 332 1
57 9 4
57 296 1
57 1062 1
57 265 2
57 528 1
57 171 1
58 127 4
58 32 6
58 90 4
58 206 2
58 71 3
58 942 1
58 891 1
58 44 2
58 587 1
58 27 2
58 741 1
58 57 4
58 463 8
58 20 7
58 151 1
58 89 6
58 849 1
58 11 1
58 2489 1
58 287 1
58 1421 1
58 1019 4
58 441 1
58 665 1
58 93 1
58 157 2
58 325 1
58 65 1
58 197 1
58 291 1
58 853 1
58 114 1
58 211 3
58 60 2
58 527 1
58 1201 2
58 73 1
58 459 1
58 86 3
58 311 1
58 62 2
58 2170 1
58 389 1
58 911 3
58 2 12
58 2192 1
58 110 2
58 913 1
58 1864 1
58 2086 4
58 228 1
58 933 1
58 168 3
58 184 1
58 14 6
58 69 4
58 819 1
58 172 2
58 24 3
58 104 2
58 1876 2
58 234 1
58 1135 1
58 754 1
58 1006 1
58 23 1
58 1528 1
58 355 2
58 238 1
58 159 1
58 636 1
58 577 2
58 486 1
58 1563 1
58 1003 3
58 2243 1
58 37 1
58 256 1
58 686 2
58 5 4
58 63 1
58 80 1
58 26 1
58 119 3
58 521 2
58 162 1
58 72 1
58 255 1
58 74 1
58 790 2
58 61 4
58 1168 1
58 115 1
58 1001 1
58 1489 1
58 10 3
58 113 4
58 152 2
58 189 1
58 207 1
58 142 1
58 579 1
58 360 1
58 87 1
58 1132 1
58 97 3
58 12 3
58 765 1
58 897 1
58 510 1
58 56 1
58 530 1
58 229 1
58 449 1
58 405 1
58 19 1
58 365 1
58 274 2
58 237 2
58 503 3
58 70 4
58 315 2
58 1 15
58 116 7
58 909 2
58 616 1
58 965 1
58 300 1
58 883 2
58 28 6
58 40 1
58 484 1
58 928 1
58 59 1
58 421 3
58 623 1
58 130 6
58 245 1
58 122 5
58 22 2
58 318 1
58 1064 1
58 13 3
58 6 11
58 185 1
58 3 6
58 36 3
58 597 1
58 94 5
58 332 1
58 9 2
58 1686 1
58 38 1
58 317 1
58 296 1
58 411 3
58 196 1
58 242 1
59 20 2
59 275 1
59 1909 1
59 15 2
59 129 1
59 202 1
59 224 1
59 234 1
59 21 1
59 162 1
59 74 1
59 690 1
59 61 2
59 266 1
59 91 1
59 77 5
59 2284 1
59 12 1
59 19 2
59 54 1
59 315 1
59 1 1
59 300 1
59 51 1
59 2102 1
60 71 1
60 18 2
60 27 1
60 454 1
60 888 1
60 932 1
60 15 1
60 327 3
60 760 1
60 168 1
60 1259 1
60 145 1
60 1252 1
60 37 2
60 33 2
60 21 2
60 1794 1
60 1122 1
60 423 1
60 1183 1
60 1022 1
60 39 2
60 1640 1
60 267 1
60 143 2
60 864 1
60 1100 1
60 34 2
61 32 1
61 90 2
61 2400 1
61 71 1
61 118 1
61 206 1
61 102 1
61 959 1
61 2043 1
61 331 1
61 200 1
61 376 1
61 767 1
61 16 6
61 329 1
61 44 1
61 1125 2
61 27 1
61 667 1
61 190 1
61 233 1
61 463 1
61 95 1
61 57 3
61 194 3
61 20 13
61 163 1
61 1310 1
61 243 2
61 109 3
61 1250 1
61 846 2
61 697 1
61 11 10
61 468 1
61 1689 1
61 2307 1
61 441 1
61 665 1
61 413 1
61 1184 1
61 157 2
61 65 4
61 378 1
61 889 3
61 572 1
61 935 1
61 350 1
61 197 2
61 203 1
61 199 1
61 226 1
61 58 1
61 2156 1
61 153 7
61 81 1
61 431 1
61 60 1
61 861 1
61 337 1
61 101 1
61 371 1
61 982 1
61 67 1
61 165 4
61 198 2
61 129 1
61 825 1
61 17 3
61 2 7
61 435 2
61 677 2
61 495 2
61 147 1
61 1670 1
61 710 1
61 1210 1
61 933 1
61 218 1
61 465 2
61 1612 1
61 14 4
61 49 2
61 24 2
61 1819 1
61 140 1
61 1255 1
61 181 1
61 502 1
61 79 1
61 23 9
61 355 1
61 553 1
61 253 1
61 1025 1
61 279 1
61 961 1
61 555 1
61 2212 1
61 1037 2
61 8 1
61 367 3
61 716 4
61 498 2
61 1484 1
61 37 1
61 372 2
61 43 1
61 270 1
61 5 19
61 538 1
61 63 5
61 2207 1
61 680 2
61 720 1
61 943 1
61 193 2
61 99 3
61 457 2
61 162 2
61 383 1
61 410 1
61 74 2
61 240 1
61 359 1
61 1168 1
61 108 1
61 1334 1
61 1122 1
61 1185 1
61 377 1
61 447 1
61 717 3
61 379 2
61 232 3
61 2149 1
61 10 4
61 1035 1
61 1362 2
61 1319 1
61 207 2
61 1391 2
61 266 2
61 1277 2
61 394 2
61 1056 1
61 1618 1
61 360 1
61 1094 2
61 514 1
61 931 1
61 1215 1
61 221 1
61 50 1
61 563 1
61 39 1
61 1424 1
61 1538 1
61 97 2
61 41 4
61 731 1
61 12 2
61 1076 1
61 1174 2
61 881 1
61 657 1
61 897 1
61 1554 4
61 312 2
61 56 2
61 2168 1
61 449 2
61 19 1
61 260 1
61 658 1
61 1204 1
61 309 1
61 1636 1
61 770 1
61 469 2
61 315 1
61 353 1
61 1 10
61 116 5
61 338 1
61 141 1
61 30 1
61 2038 1
61 570 2
61 761 1
61 1504 1
61 252 1
61 286 1
61 40 9
61 134 2
61 192 1
61 250 2
61 1337 1
61 59 1
61 308 2
61 496 2
61 150 4
61 271 1
61 245 2
61 607 1
61 1112 1
61 543 1
61 22 5
61 158 2
61 363 1
61 900 1
61 46 5
61 318 2
61 13 1
61 105 1
61 301 2
61 6 2
61 694 1
61 3 8
61 36 11
61 183 2
61 9 4
61 146 1
61 51 3
61 472 3
61 38 3
61 1985 1
61 296 2
61 528 1
61 171 1
62 127 3
62 90 5
62 276 4
62 1801 1
62 71 3
62 565 1
62 1831 1
62 331 3
62 560 1
62 937 3
62 891 4
62 580 1
62 767 1
62 730 2
62 16 2
62 2070 1
62 84 2
62 2173 1
62 194 1
62 57 1
62 463 1
62 259 2
62 368 5
62 424 1
62 220 1
62 454 1
62 163 3
62 1806 1
62 722 1
62 89 3
62 849 1
62 11 9
62 934 3
62 208 1
62 665 3
62 1244 9
62 93 3
62 865 1
62 948 1
62 350 2
62 114 1
62 442 1
62 199 2
62 226 3
62 58 1
62 15 4
62 337 2
62 73 1
62 101 9
62 1116 1
62 67 3
62 139 10
62 1589 1
62 198 3
62 917 1
62 585 2
62 727 1
62 495 3
62 739 1
62 1670 1
62 662 1
62 280 4
62 418 2
62 933 1
62 1954 4
62 168 1
62 1881 1
62 249 2
62 465 1
62 135 1
62 14 2
62 819 1
62 145 2
62 789 1
62 834 1
62 24 3
62 2046 1
62 140 1
62 285 1
62 2052 1
62 104 7
62 181 2
62 234 1
62 385 2
62 314 1
62 1216 3
62 1635 1
62 154 1
62 23 3
62 479 1
62 747 2
62 553 1
62 1667 1
62 326 1
62 1563 3
62 2212 1
62 1037 4
62 1048 1
62 1821 1
62 37 6
62 1000 1
62 1717 1
62 1061 1
62 43 2
62 270 2
62 5 3
62 485 2
62 2340 4
62 2005 1
62 538 1
62 1839 1
62 288 1
62 193 2
62 943 2
62 460 1
62 119 3
62 162 2
62 780 2
62 433 1
62 2066 1
62 351 4
62 595 1
62 74 6
62 240 1
62 334 1
62 986 1
62 690 1
62 230 2
62 115 1
62 377 1
62 103 1
62 201 2
62 379 1
62 113 1
62 1536 1
62 1688 7
62 152 1
62 1139 2
62 1292 1
62 342 1
62 91 15
62 1747 1
62 1153 1
62 535 1
62 87 1
62 481 1
62 77 9
62 1458 1
62 214 1
62 1624 1
62 2287 1
62 541 1
62 1219 1
62 563 3
62 64 6
62 1424 2
62 97 13
62 417 1
62 1704 3
62 12 10
62 41 11
62 2344 2
62 52 6
62 881 1
62 688 2
62 657 1
62 312 1
62 302 3
62 370 1
62 1636 5
62 188 2
62 68 2
62 315 1
62 402 3
62 1 5
62 136 2
62 116 4
62 416 1
62 1197 1
62 144 4
62 338 1
62 380 1
62 300 2
62 965 2
62 25 3
62 286 1
62 120 2
62 83 1
62 484 2
62 1036 1
62 1253 1
62 896 2
62 1644 1
62 1196 1
62 1464 2
62 1517 4
62 217 1
62 1085 1
62 239 4
62 122 5
62 773 2
62 143 1
62 22 2
62 281 2
62 269 2
62 46 10
62 399 2
62 235 9
62 301 2
62 733 1
62 6 6
62 694 2
62 562 3
62 2268 1
62 36 5
62 213 2
62 1622 1
62 472 2
62 456 1
62 439 2
62 362 8
62 652 2
62 1062 3
62 975 1
62 791 1
62 2102 1
62 171 6
62 892 1
62 2199 1
62 955 1
62 942 1
62 386 6
62 1376 1
62 1457 1
62 200 2
62 366 1
62 125 1
62 1432 1
62 522 2
62 1930 1
62 44 1
62 587 1
62 1125 3
62 27 6
62 1007 2
62 1443 1
62 161 2
62 582 2
62 95 1
62 1646 1
62 1866 1
62 601 2
62 20 21
62 744 2
62 231 2
62 109 4
62 1310 1
62 1983 1
62 151 1
62 529 5
62 343 14
62 557 1
62 700 1
62 78 1
62 475 3
62 1380 1
62 413 1
62 857 1
62 2316 1
62 106 1
62 1743 1
62 1966 1
62 1096 2
62 2075 2
62 65 1
62 197 1
62 1242 1
62 138 1
62 2439 1
62 81 1
62 60 4
62 1245 1
62 459 3
62 792 1
62 656 6
62 289 1
62 165 8
62 2 3
62 17 2
62 911 1
62 771 3
62 435 1
62 2158 1
62 1274 1
62 884 1
62 110 5
62 1412 1
62 147 4
62 333 1
62 973 1
62 228 1
62 760 1
62 590 7
62 863 2
62 749 2
62 323 3
62 1291 1
62 112 1
62 345 2
62 319 9
62 545 1
62 224 1
62 187 1
62 516 15
62 646 1
62 756 1
62 669 7
62 79 1
62 121 1
62 639 2
62 352 1
62 344 5
62 494 10
62 2214 1
62 126 2
62 1034 1
62 426 2
62 251 1
62 542 1
62 369 1
62 253 1
62 2195 1
62 279 2
62 651 2
62 176 2
62 209 8
62 629 1
62 2243 1
62 256 1
62 2055 6
62 117 1
62 1587 1
62 63 2
62 7 8
62 2475 1
62 227 2
62 600 1
62 977 1
62 99 1
62 457 1
62 72 2
62 526 1
62 806 2
62 500 1
62 297 2
62 963 1
62 2022 2
62 918 1
62 182 3
62 1413 1
62 2179 3
62 108 8
62 1122 1
62 277 2
62 2416 2
62 1275 1
62 232 1
62 462 1
62 10 3
62 1856 1
62 1209 1
62 142 8
62 1651 1
62 263 5
62 632 1
62 48 2
62 958 1
62 133 6
62 290 1
62 304 1
62 2431 1
62 50 5
62 631 1
62 854 1
62 547 1
62 1988 2
62 1409 2
62 258 2
62 482 1
62 510 1
62 797 1
62 56 8
62 66 2
62 449 8
62 19 7
62 293 1
62 54 4
62 274 1
62 549 1
62 659 1
62 470 1
62 1326 1
62 469 1
62 682 1
62 353 1
62 166 1
62 575 2
62 375 2
62 30 1
62 570 1
62 909 1
62 1815 1
62 1039 1
62 788 1
62 1880 1
62 128 1
62 252 1
62 466 1
62 40 7
62 589 1
62 192 2
62 1115 1
62 687 1
62 1367 1
62 150 1
62 1702 1
62 1323 1
62 1038 3
62 53 1
62 1024 3
62 245 2
62 1913 1
62 267 2
62 2190 1
62 1134 1
62 318 1
62 13 2
62 1729 1
62 1426 1
62 257 1
62 473 1
62 925 1
62 85 30
62 185 1
62 3 15
62 809 1
62 332 3
62 9 3
62 408 1
62 38 1
62 1719 1
62 528 2
62 781 1
62 603 3
62 2341 1
62 945 1
62 242 2
63 90 1
63 560 1
63 1178 1
63 16 2
63 84 1
63 259 4
63 31 2
63 292 1
63 15 2
63 795 1
63 1080 1
63 124 2
63 1692 1
63 1717 1
63 115 2
63 201 1
63 1688 1
63 1319 1
63 342 1
63 2251 1
63 91 1
63 87 1
63 214 1
63 12 1
63 302 2
63 237 1
63 693 1
63 315 1
63 1 1
63 116 1
63 965 1
63 25 4
63 496 2
63 2347 1
63 239 2
63 22 1
63 733 1
63 51 1
63 362 1
63 1033 1
63 475 1
63 275 1
63 60 1
63 2 1
63 1482 1
63 829 1
63 345 1
63 1366 1
63 2060 1
63 126 2
63 253 1
63 651 1
63 956 1
63 80 1
63 99 1
63 1945 2
63 1988 2
63 449 1
63 19 1
63 788 2
63 403 2
63 1005 1
63 28 1
63 40 2
63 318 1
63 1064 2
63 925 1
63 9 1
63 408 3
64 1681 1
64 89 1
64 15 1
64 527 1
64 62 1
64 361 3
64 776 1
64 789 2
64 858 1
64 104 1
64 96 1
64 43 2
64 162 1
64 240 1
64 690 1
64 488 3
64 415 1
64 152 1
64 41 3
64 312 1
64 1534 1
64 1940 1
64 286 1
64 544 1
64 158 4
64 1968 1
64 296 1
64 445 1
64 18 1
64 587 1
64 400 1
64 20 2
64 151 1
64 441 1
64 65 1
64 1208 2
64 147 1
64 333 1
64 531 1
64 345 1
64 172 1
64 1052 1
64 282 2
64 238 1
64 256 1
64 2476 1
64 33 1
64 63 1
64 500 1
64 108 1
64 1431 1
64 232 3
64 1804 1
64 1005 1
64 28 3
64 40 1
64 421 4
65 90 1
65 805 1
65 220 1
65 316 1
65 611 1
65 904 1
65 211 1
65 15 1
65 153 1
65 62 1
65 198 1
65 280 1
65 471 1
65 465 1
65 96 1
65 950 1
65 686 1
65 119 2
65 690 2
65 740 1
65 115 2
65 1180 1
65 1997 1
65 379 1
65 415 1
65 444 1
65 563 1
65 12 1
65 1704 1
65 68 1
65 136 1
65 641 1
65 25 1
65 1775 1
65 773 1
65 205 1
65 22 1
65 878 2
65 235 1
65 213 2
65 1478 1
65 362 1
65 366 1
65 44 1
65 998 1
65 298 1
65 1019 1
65 441 3
65 2185 1
65 60 1
65 147 1
65 323 1
65 112 1
65 2111 1
65 262 1
65 251 2
65 2195 1
65 117 4
65 1284 1
65 7 1
65 26 1
65 600 1
65 179 1
65 500 2
65 255 1
65 10 1
65 142 1
65 514 1
65 2123 1
65 258 2
65 2219 1
65 1640 1
65 192 1
65 267 1
65 408 2
65 242 1
65 2341 1
66 32 1
66 90 1
66 71 1
66 16 1
66 163 1
66 11 2
66 1630 1
66 511 1
66 1244 1
66 865 1
66 58 3
66 15 1
66 431 1
66 73 1
66 101 1
66 198 2
66 825 1
66 727 1
66 783 1
66 249 1
66 14 1
66 285 1
66 1269 1
66 364 1
66 940 1
66 195 2
66 538 1
66 119 1
66 162 1
66 880 1
66 2322 2
66 115 1
66 377 1
66 447 1
66 201 1
66 1319 1
66 902 1
66 827 1
66 77 1
66 12 1
66 52 1
66 300 1
66 25 1
66 2065 1
66 496 1
66 239 1
66 42 1
66 205 1
66 1576 1
66 235 2
66 694 1
66 94 1
66 51 2
66 1677 1
66 2174 1
66 445 1
66 125 1
66 1541 1
66 44 2
66 746 1
66 1750 1
66 231 1
66 990 1
66 932 4
66 275 2
66 203 1
66 2081 1
66 432 1
66 2 1
66 17 1
66 814 1
66 973 1
66 228 1
66 112 1
66 69 1
66 191 2
66 545 1
66 172 1
66 251 1
66 253 1
66 7 1
66 26 1
66 227 1
66 72 1
66 297 1
66 92 1
66 717 1
66 10 2
66 514 1
66 50 1
66 476 1
66 712 1
66 406 1
66 54 1
66 70 1
66 1005 1
66 192 1
66 589 6
66 150 1
66 53 1
66 2247 1
66 597 1
66 146 1
66 9 2
66 164 1
67 559 2
67 127 1
67 32 8
67 276 1
67 90 1
67 71 1
67 118 1
67 565 2
67 102 1
67 2234 1
67 520 1
67 16 7
67 55 7
67 1020 1
67 2173 1
67 57 1
67 1273 1
67 424 1
67 368 1
67 1738 1
67 89 10
67 1021 2
67 31 10
67 11 4
67 1421 1
67 1454 2
67 292 1
67 1184 1
67 350 3
67 114 1
67 2203 1
67 211 3
67 684 1
67 15 1
67 382 1
67 73 1
67 62 1
67 139 1
67 389 2
67 129 2
67 825 1
67 2145 1
67 320 2
67 1080 2
67 674 2
67 992 1
67 249 1
67 218 1
67 706 1
67 168 6
67 184 1
67 14 6
67 970 1
67 894 1
67 24 3
67 2052 1
67 124 2
67 104 1
67 1308 2
67 181 2
67 234 1
67 594 1
67 307 1
67 23 1
67 1528 1
67 1667 1
67 37 10
67 43 1
67 621 1
67 943 1
67 119 2
67 521 2
67 780 1
67 1433 1
67 690 2
67 1168 1
67 115 2
67 1289 1
67 377 1
67 103 1
67 415 1
67 1680 1
67 719 1
67 113 8
67 152 1
67 189 3
67 827 2
67 1391 1
67 535 1
67 12 2
67 41 2
67 731 2
67 52 3
67 312 2
67 774 1
67 229 1
67 405 1
67 237 5
67 370 1
67 309 1
67 188 1
67 68 1
67 2059 2
67 875 1
67 315 2
67 567 1
67 1 14
67 116 1
67 416 1
67 2419 1
67 1258 1
67 616 1
67 300 1
67 25 7
67 1726 1
67 623 2
67 2382 1
67 281 1
67 269 3
67 46 3
67 6 1
67 997 1
67 94 3
67 213 1
67 51 2
67 1379 1
67 171 4
67 916 2
67 2496 1
67 407 1
67 366 1
67 27 1
67 161 2
67 298 1
67 744 1
67 20 1
67 231 1
67 633 2
67 2240 1
67 981 1
67 287 1
67 78 2
67 294 1
67 2171 1
67 65 3
67 138 1
67 81 1
67 1500 1
67 60 1
67 1414 1
67 321 1
67 86 1
67 284 4
67 903 1
67 1676 1
67 289 2
67 1388 1
67 165 1
67 17 3
67 2 20
67 401 1
67 808 1
67 1274 1
67 110 1
67 1709 1
67 228 1
67 760 2
67 1919 2
67 69 2
67 1470 1
67 1878 1
67 1456 2
67 223 1
67 1283 2
67 420 1
67 238 1
67 1137 1
67 1104 3
67 2224 1
67 448 1
67 372 1
67 810 1
67 170 1
67 1769 1
67 63 2
67 7 8
67 26 1
67 80 1
67 887 1
67 1875 1
67 457 1
67 1301 1
67 179 1
67 696 1
67 255 1
67 297 1
67 1251 1
67 1001 2
67 1192 1
67 556 1
67 1596 1
67 10 6
67 1338 1
67 1804 1
67 167 1
67 48 3
67 2484 1
67 2257 2
67 958 1
67 476 1
67 2459 2
67 56 2
67 19 2
67 70 2
67 470 1
67 322 1
67 1009 1
67 30 3
67 141 6
67 403 1
67 2048 1
67 134 1
67 75 1
67 1367 2
67 130 10
67 491 1
67 13 10
67 757 1
67 3 9
67 597 1
67 1156 1
67 9 2
67 1515 1
67 1600 2
67 832 1
68 32 1
68 71 1
68 102 1
68 16 1
68 233 1
68 424 1
68 316 1
68 1250 1
68 611 1
68 58 1
68 198 1
68 139 1
68 548 1
68 2020 1
68 280 2
68 168 1
68 202 2
68 184 1
68 14 1
68 24 1
68 385 1
68 23 3
68 37 2
68 270 1
68 686 1
68 195 2
68 5 2
68 21 1
68 680 1
68 723 1
68 433 1
68 240 2
68 447 2
68 1319 2
68 2039 1
68 91 1
68 1215 1
68 953 2
68 817 1
68 97 5
68 41 1
68 12 5
68 2139 1
68 309 1
68 1522 7
68 25 3
68 239 1
68 269 1
68 46 1
68 235 1
68 6 1
68 183 1
68 94 2
68 1103 2
68 568 1
68 265 1
68 44 1
68 1125 1
68 587 2
68 400 1
68 20 4
68 935 1
68 81 1
68 656 1
68 165 3
68 2 2
68 17 3
68 435 1
68 401 1
68 814 1
68 760 1
68 69 14
68 494 1
68 126 1
68 279 1
68 209 2
68 7 2
68 336 1
68 99 1
68 255 1
68 1200 2
68 108 1
68 277 3
68 1192 1
68 1770 1
68 671 2
68 207 1
68 167 1
68 991 1
68 510 1
68 530 1
68 2157 1
68 375 5
68 1088 7
68 30 1
68 2038 1
68 40 2
68 1163 2
68 1629 1
68 1256 1
68 267 1
68 3 2
68 809 1
68 9 1
69 102 1
69 2037 1
69 16 1
69 730 1
69 517 1
69 31 5
69 1244 1
69 1303 2
69 291 2
69 73 1
69 2006 1
69 389 1
69 14 1
69 285 2
69 1467 1
69 23 2
69 1003 5
69 1484 1
69 270 1
69 1460 1
69 586 1
69 244 1
69 74 1
69 334 1
69 488 1
69 1498 1
69 189 1
69 2039 1
69 87 1
69 41 1
69 12 3
69 1704 1
69 52 3
69 1636 1
69 25 2
69 1775 2
69 83 1
69 177 2
69 678 1
69 22 1
69 235 1
69 94 1
69 975 1
69 1129 1
69 1539 1
69 200 1
69 1018 1
69 1423 1
69 27 1
69 161 1
69 95 1
69 231 1
69 275 2
69 138 2
69 284 1
69 903 1
69 1388 1
69 17 1
69 2 3
69 708 1
69 884 1
69 1995 1
69 228 1
69 749 1
69 69 1
69 187 10
69 223 1
69 282 1
69 352 1
69 494 1
69 209 2
69 810 1
69 26 1
69 182 1
69 108 14
69 10 1
69 48 1
69 2178 1
69 766 4
69 449 1
69 70 3
69 141 2
69 2038 1
69 589 9
69 809 2
69 597 1
69 146 2
70 127 3
70 102 1
70 331 1
70 560 1
70 580 1
70 16 1
70 55 2
70 259 1
70 463 1
70 368 2
70 316 1
70 454 2
70 89 1
70 31 1
70 578 1
70 11 2
70 1421 1
70 1333 2
70 434 2
70 1207 7
70 350 4
70 114 2
70 226 1
70 429 2
70 382 1
70 73 3
70 76 2
70 571 2
70 129 2
70 1080 1
70 859 1
70 1772 1
70 471 1
70 168 2
70 202 2
70 622 2
70 249 2
70 14 5
70 776 1
70 24 1
70 834 1
70 234 2
70 502 1
70 594 2
70 23 1
70 364 1
70 96 2
70 486 1
70 1354 1
70 1003 1
70 509 1
70 555 1
70 37 2
70 43 3
70 270 2
70 21 1
70 680 1
70 288 2
70 2310 2
70 1645 1
70 521 1
70 180 1
70 880 1
70 1666 2
70 986 1
70 890 1
70 1168 1
70 61 7
70 115 1
70 377 1
70 1694 1
70 1653 2
70 113 6
70 1350 1
70 452 1
70 2330 7
70 936 1
70 862 1
70 1240 1
70 467 1
70 77 1
70 214 1
70 817 1
70 64 2
70 12 4
70 41 3
70 765 1
70 302 1
70 507 2
70 237 2
70 309 1
70 593 7
70 1522 1
70 1 20
70 2419 1
70 25 1
70 1439 1
70 2334 1
70 623 1
70 544 1
70 1526 1
70 122 1
70 22 1
70 46 3
70 301 1
70 6 1
70 51 4
70 169 1
70 132 1
70 398 3
70 2199 1
70 916 2
70 18 2
70 125 1
70 525 1
70 95 1
70 775 2
70 1866 1
70 20 1
70 109 1
70 529 1
70 1858 4
70 1838 1
70 1604 7
70 1019 1
70 397 1
70 157 1
70 197 1
70 203 1
70 284 1
70 165 1
70 17 3
70 2 16
70 2192 1
70 1412 1
70 82 1
70 110 2
70 147 1
70 339 1
70 228 3
70 863 1
70 829 1
70 69 1
70 191 1
70 613 2
70 446 5
70 282 1
70 1220 1
70 212 1
70 352 1
70 989 2
70 126 1
70 873 1
70 279 1
70 33 1
70 63 4
70 428 1
70 7 1
70 26 4
70 1860 1
70 977 1
70 99 1
70 72 2
70 264 2
70 255 2
70 790 1
70 1817 1
70 556 1
70 10 6
70 225 1
70 1262 2
70 207 1
70 142 2
70 394 1
70 2357 1
70 419 5
70 476 1
70 1583 1
70 406 1
70 1626 2
70 258 3
70 1422 1
70 449 1
70 19 2
70 54 1
70 274 1
70 70 1
70 166 11
70 30 6
70 2038 1
70 403 2
70 128 1
70 28 1
70 883 1
70 40 3
70 614 1
70 421 1
70 278 1
70 1702 1
70 245 2
70 826 1
70 461 2
70 13 8
70 105 2
70 85 1
70 3 4
70 597 1
70 1156 1
70 9 7
70 591 4
70 34 1
70 196 1
71 32 1
71 127 2
71 206 2
71 71 4
71 1831 1
71 580 1
71 16 3
71 84 1
71 424 1
71 368 1
71 316 1
71 454 8
71 163 3
71 11 1
71 93 2
71 291 1
71 1810 3
71 114 3
71 58 1
71 226 1
71 15 4
71 101 2
71 311 1
71 67 2
71 1962 1
71 139 1
71 418 1
71 957 2
71 1603 7
71 1177 1
71 145 1
71 234 1
71 307 1
71 1974 3
71 37 2
71 21 9
71 2176 1
71 193 1
71 2438 5
71 74 1
71 103 1
71 1694 2
71 1350 2
71 452 1
71 579 2
71 1336 1
71 39 4
71 2074 2
71 12 2
71 910 1
71 309 1
71 188 1
71 1 2
71 25 1
71 2270 2
71 1440 1
71 1253 1
71 1265 1
71 122 2
71 6 1
71 997 1
71 1497 1
71 36 1
71 94 1
71 362 1
71 1062 1
71 132 8
71 1234 2
71 18 7
71 400 2
71 78 2
71 990 1
71 138 1
71 1208 1
71 2439 1
71 137 1
71 321 1
71 823 1
71 17 2
71 401 1
71 845 1
71 110 1
71 82 2
71 69 1
71 191 1
71 172 1
71 588 1
71 262 1
71 126 1
71 238 1
71 251 1
71 577 1
71 1137 2
71 170 1
71 696 2
71 1817 2
71 92 2
71 1679 4
71 225 1
71 48 1
71 712 2
71 365 2
71 2021 1
71 30 1
71 403 2
71 128 1
71 252 1
71 699 1
71 2358 2
71 105 1
71 1100 1
71 38 1
71 1411 3
71 591 1
71 34 7
72 127 2
72 32 7
72 90 1
72 71 1
72 206 2
72 102 1
72 1831 1
72 520 1
72 891 2
72 16 3
72 55 5
72 1020 1
72 2173 1
72 84 1
72 233 1
72 57 3
72 424 1
72 368 2
72 316 1
72 1146 1
72 89 4
72 1021 2
72 31 1
72 11 8
72 93 2
72 2203 1
72 114 2
72 930 1
72 684 1
72 211 4
72 153 1
72 15 8
72 527 1
72 73 1
72 101 1
72 67 1
72 139 2
72 198 1
72 129 5
72 389 2
72 320 1
72 1080 1
72 1864 1
72 2086 1
72 249 2
72 168 2
72 184 2
72 14 6
72 970 1
72 24 5
72 2052 1
72 124 3
72 1429 1
72 1359 1
72 2041 1
72 1135 2
72 754 3
72 23 3
72 1528 1
72 1068 1
72 1445 1
72 1378 1
72 1037 1
72 37 2
72 940 3
72 43 6
72 485 1
72 2105 1
72 391 1
72 621 1
72 1706 1
72 21 2
72 680 1
72 288 1
72 119 2
72 521 2
72 162 1
72 74 2
72 334 1
72 986 1
72 488 3
72 61 4
72 115 1
72 377 1
72 103 1
72 415 1
72 423 1
72 113 6
72 152 2
72 189 3
72 827 1
72 91 1
72 1894 1
72 87 1
72 214 1
72 97 3
72 12 1
72 41 2
72 52 2
72 302 2
72 229 1
72 405 1
72 237 3
72 693 1
72 503 2
72 309 1
72 593 1
72 188 1
72 68 1
72 315 1
72 875 1
72 1 18
72 506 1
72 116 3
72 416 1
72 144 1
72 1347 1
72 616 4
72 25 1
72 804 1
72 484 1
72 1036 2
72 305 1
72 1726 1
72 623 2
72 496 1
72 281 1
72 158 1
72 22 2
72 46 5
72 235 1
72 301 1
72 6 8
72 94 3
72 51 2
72 317 2
72 296 1
72 975 1
72 2102 1
72 171 1
72 892 1
72 955 1
72 916 1
72 18 1
72 44 1
72 1125 1
72 27 2
72 161 3
72 534 1
72 744 1
72 20 2
72 231 3
72 633 2
72 1011 1
72 151 1
72 148 1
72 697 1
72 981 1
72 287 1
72 78 1
72 441 1
72 475 3
72 2316 2
72 769 1
72 106 2
72 203 1
72 137 1
72 60 1
72 284 2
72 86 5
72 903 1
72 371 2
72 1248 1
72 165 1
72 1495 1
72 17 3
72 2 11
72 401 4
72 1231 1
72 110 6
72 333 1
72 228 1
72 1919 1
72 2095 1
72 1763 1
72 69 2
72 191 1
72 172 1
72 1790 1
72 1878 2
72 588 1
72 516 4
72 79 1
72 1420 1
72 1956 1
72 126 1
72 238 3
72 577 2
72 1104 1
72 651 3
72 2408 2
72 1288 1
72 1575 1
72 372 2
72 1307 1
72 33 2
72 63 4
72 7 5
72 26 2
72 887 1
72 80 1
72 457 1
72 1301 1
72 696 1
72 963 3
72 297 2
72 1229 1
72 1001 2
72 92 5
72 1275 2
72 232 2
72 10 4
72 1338 1
72 207 1
72 330 1
72 632 1
72 167 2
72 48 3
72 360 1
72 1094 1
72 2321 1
72 258 2
72 510 1
72 56 2
72 19 4
72 293 1
72 274 1
72 365 1
72 549 1
72 70 2
72 470 1
72 839 1
72 322 1
72 1176 1
72 30 1
72 252 2
72 28 3
72 2048 1
72 134 3
72 250 2
72 303 1
72 614 1
72 59 1
72 1367 2
72 130 1
72 491 2
72 13 10
72 3 13
72 332 1
72 597 2
72 9 6
72 34 1
72 2135 1
72 242 1
73 32 3
73 118 1
73 71 1
73 959 1
73 850 4
73 16 1
73 2106 1
73 55 4
73 259 1
73 722 2
73 31 5
73 11 4
73 93 1
73 1207 2
73 2450 5
73 675 2
73 1233 1
73 15 1
73 1328 1
73 73 2
73 101 1
73 311 1
73 67 1
73 129 5
73 327 3
73 168 4
73 2468 3
73 14 3
73 145 2
73 49 2
73 2052 1
73 181 1
73 2057 6
73 1359 2
73 801 1
73 23 3
73 2088 1
73 159 1
73 2490 2
73 1563 1
73 160 1
73 509 1
73 555 1
73 37 5
73 1842 3
73 621 2
73 21 1
73 554 1
73 1602 1
73 119 2
73 521 2
73 1332 1
73 244 5
73 162 1
73 780 1
73 880 3
73 2438 1
73 351 3
73 2066 1
73 74 2
73 246 1
73 999 1
73 2227 1
73 488 1
73 189 2
73 1529 1
73 1350 1
73 91 1
73 266 1
73 579 2
73 87 6
73 481 4
73 508 1
73 12 1
73 41 1
73 52 1
73 765 1
73 229 2
73 507 6
73 405 1
73 237 10
73 503 3
73 309 5
73 188 1
73 68 2
73 638 1
73 1 10
73 300 2
73 25 5
73 83 1
73 1471 1
73 2065 1
73 623 2
73 678 2
73 301 1
73 1051 1
73 6 10
73 36 1
73 94 5
73 362 1
73 568 1
73 317 2
73 705 4
73 398 1
73 1677 1
73 2206 1
73 525 1
73 2338 2
73 27 2
73 161 2
73 190 1
73 1833 2
73 298 2
73 95 2
73 20 3
73 243 1
73 2017 6
73 1669 4
73 287 1
73 78 1
73 1927 1
73 138 1
73 60 1
73 823 3
73 903 1
73 371 1
73 165 1
73 289 2
73 2 3
73 17 6
73 845 1
73 2192 1
73 186 2
73 110 5
73 2238 3
73 228 1
73 590 1
73 69 5
73 191 1
73 1297 3
73 224 1
73 187 1
73 223 1
73 282 1
73 974 3
73 262 18
73 1420 2
73 126 3
73 238 6
73 426 1
73 636 1
73 369 1
73 253 2
73 1133 2
73 209 1
73 1288 1
73 428 2
73 7 6
73 336 6
73 72 1
73 821 3
73 179 1
73 383 10
73 277 2
73 1001 1
73 1212 1
73 938 2
73 1338 1
73 1081 1
73 360 3
73 50 1
73 476 2
73 406 1
73 1626 1
73 949 1
73 173 1
73 56 4
73 2276 1
73 449 1
73 658 3
73 70 7
73 30 3
73 946 3
73 128 2
73 252 1
73 1005 1
73 28 1
73 310 1
73 250 1
73 59 1
73 2498 1
73 1070 5
73 2336 4
73 864 1
73 13 2
73 105 2
73 3 15
73 597 1
73 9 4
73 38 1
73 745 1
74 32 1
74 90 1
74 206 1
74 2424 1
74 57 5
74 1625 1
74 442 1
74 15 1
74 1573 2
74 418 1
74 184 1
74 14 2
74 348 1
74 894 1
74 385 1
74 159 1
74 2045 1
74 270 2
74 2033 1
74 21 2
74 240 1
74 922 2
74 342 1
74 902 1
74 862 1
74 39 1
74 97 1
74 1451 1
74 1554 1
74 1636 2
74 68 1
74 1 1
74 1641 1
74 738 1
74 46 1
74 1968 1
74 51 1
74 18 2
74 313 1
74 981 1
74 165 1
74 729 1
74 2 1
74 82 1
74 333 1
74 760 1
74 531 1
74 1956 1
74 33 1
74 7 2
74 99 1
74 1251 1
74 232 1
74 843 1
74 1620 1
74 142 1
74 167 1
74 48 1
74 1132 1
74 1569 2
74 290 1
74 1583 1
74 530 1
74 19 1
74 250 1
74 1038 1
74 1492 1
74 245 2
74 626 1
74 461 1
74 105 1
74 2368 2
74 34 2
75 331 1
75 84 1
75 57 1
75 89 2
75 1421 1
75 378 1
75 382 3
75 795 1
75 139 1
75 2086 1
75 1954 1
75 465 1
75 104 1
75 2041 1
75 754 1
75 43 1
75 940 1
75 193 1
75 119 2
75 244 1
75 74 1
75 999 1
75 115 1
75 377 1
75 1401 1
75 2189 1
75 41 1
75 12 1
75 668 1
75 302 1
75 503 1
75 1636 1
75 188 2
75 734 1
75 1 2
75 144 4
75 616 1
75 25 2
75 281 2
75 6 4
75 94 1
75 51 1
75 265 1
75 169 1
75 44 1
75 20 1
75 1161 1
75 287 1
75 261 1
75 60 2
75 724 1
75 86 3
75 17 3
75 2 1
75 110 1
75 1154 1
75 224 2
75 1283 2
75 352 1
75 126 1
75 369 2
75 996 1
75 33 2
75 63 2
75 428 1
75 7 4
75 26 7
75 790 1
75 108 1
75 92 1
75 1001 2
75 414 1
75 1511 1
75 48 1
75 837 2
75 712 1
75 1781 1
75 322 1
75 403 1
75 134 2
75 156 2
75 1765 1
75 59 2
75 130 1
75 1713 1
75 13 1
75 1562 1
75 3 1
75 9 1
76 90 1
76 1410 1
76 55 1
76 291 1
76 1810 1
76 15 2
76 129 1
76 327 2
76 957 1
76 145 2
76 1354 1
76 21 2
76 240 1
76 467 2
76 39 2
76 64 1
76 558 1
76 2223 1
76 1 3
76 217 2
76 42 1
76 18 1
76 161 1
76 534 1
76 243 1
76 888 2
76 459 1
76 2 1
76 17 1
76 223 1
76 262 1
76 212 1
76 7 1
76 92 1
76 1182 1
76 1183 2
76 225 2
76 258 1
76 1508 1
76 128 1
76 156 1
76 1100 2
76 9 2
76 34 1
77 90 1
77 71 2
77 798 1
77 55 5
77 259 1
77 57 1
77 89 2
77 291 1
77 684 1
77 153 1
77 15 1
77 861 1
77 73 1
77 139 1
77 129 1
77 1660 1
77 320 1
77 662 1
77 280 1
77 184 1
77 140 2
77 159 1
77 1354 2
77 43 1
77 686 1
77 74 1
77 61 2
77 752 1
77 1008 1
77 701 1
77 867 1
77 97 1
77 41 1
77 12 1
77 897 1
77 1144 1
77 1 2
77 300 1
77 640 1
77 2065 1
77 544 2
77 217 3
77 1779 1
77 22 1
77 158 1
77 301 1
77 1379 1
77 411 1
77 836 1
77 1888 1
77 18 3
77 582 1
77 243 2
77 2075 1
77 724 1
77 459 1
77 519 1
77 17 1
77 1295 1
77 708 1
77 531 1
77 172 3
77 223 1
77 279 1
77 170 1
77 33 1
77 92 2
77 232 1
77 1651 1
77 1094 1
77 50 1
77 1501 1
77 682 1
77 166 1
77 1039 1
77 128 2
77 28 3
77 310 1
77 59 1
77 421 2
77 1256 2
77 1744 2
77 591 1
78 127 1
78 71 2
78 767 1
78 16 1
78 55 1
78 57 1
78 517 1
78 11 1
78 292 1
78 114 1
78 429 2
78 211 1
78 15 1
78 795 1
78 1703 1
78 14 1
78 348 1
78 104 2
78 124 2
78 502 1
78 830 1
78 1845 1
78 367 1
78 1717 1
78 940 1
78 391 1
78 2005 3
78 680 1
78 193 2
78 460 1
78 780 1
78 74 1
78 61 2
78 299 1
78 201 1
78 423 1
78 113 2
78 189 1
78 827 1
78 1353 4
78 39 1
78 64 1
78 41 2
78 731 1
78 52 1
78 68 1
78 315 2
78 1 15
78 100 2
78 965 1
78 25 3
78 1504 2
78 239 2
78 269 1
78 281 1
78 46 1
78 6 5
78 213 3
78 51 1
78 125 1
78 44 1
78 1167 1
78 1773 1
78 287 1
78 78 1
78 65 1
78 1093 1
78 86 1
78 17 1
78 2 15
78 1763 1
78 172 1
78 639 1
78 344 3
78 651 1
78 279 3
78 2069 1
78 629 5
78 33 1
78 790 1
78 1192 1
78 717 1
78 10 3
78 2315 1
78 167 1
78 1569 1
78 149 1
78 854 1
78 56 2
78 19 2
78 322 1
78 30 1
78 310 2
78 150 1
78 130 2
78 1016 2
78 13 3
78 3 4
78 597 3
78 9 4
78 2063 1
79 206 1
79 16 1
79 424 1
79 2067 1
79 93 1
79 292 4
79 378 2
79 1162 2
79 73 1
79 320 1
79 361 4
79 202 1
79 14 3
79 184 2
79 502 1
79 1467 2
79 96 4
79 950 1
79 2212 1
79 1000 3
79 37 3
79 5 1
79 460 1
79 119 1
79 723 1
79 433 1
79 780 2
79 230 1
79 740 1
79 602 3
79 113 1
79 152 1
79 189 1
79 342 2
79 2074 1
79 97 2
79 12 5
79 731 1
79 417 1
79 765 1
79 52 3
79 2139 1
79 503 2
79 188 1
79 315 1
79 136 1
79 144 1
79 576 1
79 25 2
79 2018 1
79 281 1
79 1820 1
79 235 1
79 36 1
79 630 1
79 94 3
79 1129 1
79 445 4
79 366 1
79 44 2
79 2338 1
79 20 1
79 343 1
79 287 1
79 1181 1
79 1966 1
79 203 1
79 606 1
79 432 1
79 903 1
79 371 1
79 2 2
79 814 1
79 845 2
79 186 1
79 228 1
79 345 1
79 69 20
79 191 1
79 2326 1
79 639 1
79 344 1
79 238 1
79 251 1
79 209 2
79 170 1
79 7 2
79 72 2
79 182 1
79 277 1
79 10 2
79 671 1
79 167 3
79 1132 1
79 592 4
79 854 1
79 2276 1
79 274 2
79 70 1
79 30 4
79 59 7
79 1323 1
79 626 1
79 925 2
79 3 1
79 185 4
79 597 1
79 1719 4
79 38 1
79 2341 1
80 578 1
80 1233 1
80 15 3
80 327 1
80 140 1
80 21 2
80 103 1
80 902 1
80 87 1
80 39 2
80 18 2
80 529 1
80 60 1
80 321 3
80 372 1
80 7 1
80 225 1
80 56 1
80 34 2
81 1169 1
81 32 2
81 118 2
81 1410 1
81 520 1
81 937 1
81 1218 1
81 16 1
81 55 2
81 84 3
81 233 2
81 259 1
81 395 1
81 846 1
81 722 1
81 31 7
81 11 1
81 934 1
81 665 2
81 93 1
81 2367 1
81 904 1
81 930 1
81 429 1
81 1572 1
81 1328 2
81 73 3
81 1091 1
81 101 3
81 76 2
81 198 1
81 129 2
81 1171 2
81 2280 3
81 418 1
81 168 3
81 361 1
81 465 1
81 14 2
81 2052 1
81 1359 1
81 314 1
81 159 1
81 1692 1
81 1563 2
81 1015 1
81 8 1
81 37 7
81 1017 2
81 686 1
81 5 10
81 391 1
81 2340 1
81 621 1
81 21 1
81 1839 1
81 1602 1
81 521 2
81 723 1
81 162 1
81 780 1
81 74 3
81 246 2
81 115 1
81 447 1
81 423 1
81 113 1
81 152 1
81 1266 1
81 189 2
81 1350 1
81 1391 1
81 91 1
81 467 1
81 563 1
81 39 2
81 64 1
81 417 1
81 731 1
81 12 13
81 52 1
81 765 2
81 229 2
81 507 3
81 260 2
81 237 6
81 503 3
81 309 2
81 593 1
81 188 1
81 68 1
81 638 4
81 402 1
81 1 12
81 116 2
81 416 1
81 576 1
81 300 1
81 25 2
81 640 1
81 1439 2
81 120 1
81 2405 1
81 623 2
81 678 2
81 496 2
81 46 3
81 235 2
81 6 7
81 36 1
81 94 3
81 213 1
81 1968 1
81 2457 3
81 317 2
81 1033 1
81 398 1
81 2496 1
81 445 1
81 796 1
81 200 2
81 525 1
81 44 2
81 27 1
81 161 2
81 1561 3
81 1833 1
81 95 1
81 746 1
81 744 1
81 20 3
81 1268 1
81 243 1
81 633 1
81 529 1
81 1858 1
81 343 2
81 287 1
81 78 1
81 413 2
81 106 2
81 275 2
81 515 1
81 1731 1
81 138 1
81 137 1
81 60 2
81 432 1
81 2084 1
81 284 1
81 903 1
81 2170 1
81 371 2
81 289 2
81 1495 1
81 17 3
81 2 5
81 2072 1
81 2192 1
81 110 6
81 147 5
81 2238 4
81 228 1
81 323 1
81 2469 1
81 2142 1
81 69 7
81 345 2
81 191 1
81 1745 1
81 446 1
81 420 1
81 1082 1
81 121 1
81 1668 3
81 494 1
81 2163 2
81 126 3
81 238 5
81 636 1
81 873 1
81 253 1
81 448 1
81 2055 1
81 1307 1
81 63 5
81 428 4
81 7 11
81 336 6
81 457 1
81 1160 2
81 72 1
81 383 1
81 1496 1
81 2179 3
81 277 1
81 556 1
81 2211 1
81 10 1
81 1338 1
81 1511 1
81 1209 1
81 1262 1
81 167 1
81 48 1
81 133 1
81 513 1
81 50 1
81 2431 1
81 1544 2
81 406 2
81 258 2
81 949 1
81 56 1
81 449 1
81 19 1
81 658 2
81 70 6
81 967 2
81 166 3
81 30 3
81 128 2
81 466 1
81 28 10
81 156 1
81 40 4
81 250 1
81 589 1
81 421 1
81 1323 1
81 2363 1
81 1024 1
81 318 2
81 13 1
81 1064 1
81 85 1
81 3 10
81 597 1
81 332 2
81 9 3
81 1351 1
81 38 1
81 2063 1
81 528 2
81 539 1
81 945 1
82 90 2
82 71 1
82 798 1
82 55 1
82 1312 1
82 11 1
82 934 1
82 1244 1
82 93 1
82 899 1
82 378 1
82 291 2
82 114 1
82 15 2
82 73 3
82 129 1
82 1660 1
82 320 1
82 249 1
82 168 1
82 14 1
82 2458 1
82 234 1
82 594 1
82 314 1
82 1796 1
82 96 1
82 479 4
82 950 1
82 1354 1
82 485 1
82 21 2
82 193 1
82 2310 1
82 180 4
82 162 1
82 334 2
82 690 1
82 752 3
82 1008 1
82 115 1
82 1401 1
82 91 1
82 953 1
82 97 3
82 12 2
82 41 1
82 897 1
82 315 1
82 1 4
82 144 1
82 25 1
82 286 1
82 1407 1
82 239 1
82 122 1
82 281 1
82 363 1
82 6 1
82 694 1
82 1103 1
82 296 1
82 317 4
82 1379 2
82 493 1
82 1888 1
82 18 6
82 44 2
82 1808 1
82 20 1
82 557 1
82 764 2
82 769 1
82 81 1
82 519 2
82 165 2
82 17 1
82 2 2
82 771 2
82 435 1
82 708 1
82 344 2
82 279 1
82 2283 1
82 209 1
82 170 1
82 7 1
82 227 1
82 26 2
82 92 1
82 1511 1
82 225 1
82 142 1
82 48 1
82 419 1
82 50 1
82 19 2
82 449 2
82 70 1
82 2157 1
82 682 1
82 30 1
82 1005 1
82 59 1
82 1115 1
82 267 1
82 13 1
82 809 3
82 34 2
83 327 1
83 502 1
83 180 1
83 902 1
83 183 1
83 18 1
83 228 1
83 545 1
83 369 1
83 7 1
83 48 1
83 290 1
83 40 1
84 527 1
84 1116 2
84 198 1
84 145 1
84 385 1
84 1359 1
84 195 1
84 119 1
84 351 1
84 647 1
84 103 1
84 953 1
84 97 2
84 41 1
84 2018 1
84 1228 3
84 296 1
84 44 1
84 20 2
84 823 1
84 1388 1
84 17 1
84 110 1
84 26 1
84 336 1
84 92 1
84 19 1
84 466 1
84 40 1
84 925 1
85 331 1
85 1681 1
85 424 2
85 11 1
85 434 2
85 15 4
85 104 1
85 270 2
85 410 1
85 508 1
85 39 9
85 302 1
85 136 1
85 2065 1
85 1991 1
85 6 1
85 1051 1
85 892 1
85 18 2
85 534 1
85 203 2
85 60 2
85 17 1
85 82 1
85 1157 1
85 117 1
85 33 4
85 258 1
85 28 1
86 1049 1
86 32 8
86 206 4
86 71 1
86 1065 2
86 331 1
86 580 1
86 463 2
86 194 5
86 517 1
86 220 1
86 1312 1
86 1250 1
86 722 1
86 846 2
86 31 5
86 2067 1
86 934 1
86 978 2
86 1244 1
86 948 2
86 1303 1
86 572 1
86 350 7
86 58 8
86 226 1
86 211 6
86 15 13
86 527 2
86 382 1
86 1870 1
86 101 8
86 76 9
86 311 5
86 62 15
86 982 1
86 571 1
86 129 4
86 825 2
86 389 2
86 495 1
86 2020 4
86 1171 2
86 1999 1
86 1123 1
86 783 2
86 1357 1
86 14 5
86 145 2
86 49 2
86 234 1
86 594 1
86 1216 1
86 1722 1
86 23 4
86 1528 1
86 96 1
86 364 1
86 1667 1
86 950 1
86 1678 1
86 367 1
86 1000 1
86 43 8
86 2340 4
86 720 1
86 288 1
86 193 2
86 460 1
86 1887 1
86 119 5
86 723 2
86 244 1
86 351 2
86 246 2
86 488 3
86 752 1
86 415 1
86 901 1
86 1035 1
86 152 7
86 189 1
86 1292 1
86 862 1
86 341 1
86 535 1
86 87 13
86 77 2
86 1022 4
86 541 1
86 508 6
86 953 1
86 221 1
86 1424 1
86 64 3
86 558 1
86 417 1
86 12 16
86 1554 1
86 784 1
86 260 1
86 507 1
86 237 2
86 370 1
86 875 1
86 567 1
86 1 11
86 136 3
86 116 39
86 1197 1
86 144 5
86 2153 1
86 965 1
86 286 1
86 1568 3
86 22 22
86 1820 1
86 399 1
86 235 2
86 301 5
86 694 1
86 94 7
86 213 6
86 51 6
86 1103 5
86 652 3
86 1062 2
86 296 6
86 1129 1
86 171 2
86 2174 1
86 916 2
86 200 5
86 366 1
86 27 2
86 161 3
86 1646 1
86 582 1
86 400 4
86 1268 1
86 20 31
86 1310 1
86 109 1
86 633 1
86 151 3
86 1858 1
86 468 4
86 1507 1
86 78 1
86 441 1
86 349 1
86 769 1
86 1181 1
86 275 3
86 2035 2
86 515 1
86 138 4
86 137 3
86 60 8
86 666 1
86 2308 2
86 17 4
86 911 1
86 1274 1
86 708 1
86 82 1
86 110 5
86 1995 1
86 1154 3
86 333 1
86 590 1
86 1656 1
86 323 1
86 69 12
86 191 1
86 545 1
86 224 2
86 187 1
86 756 1
86 79 2
86 352 1
86 126 15
86 251 1
86 426 1
86 996 1
86 651 1
86 279 2
86 961 2
86 2099 1
86 810 1
86 26 2
86 227 1
86 1160 1
86 72 1
86 255 3
86 806 1
86 500 2
86 790 1
86 1229 1
86 108 10
86 1001 4
86 462 2
86 232 6
86 330 1
86 142 6
86 2315 1
86 48 8
86 514 2
86 1605 2
86 513 5
86 2246 1
86 50 2
86 1945 1
86 1988 1
86 510 2
86 449 11
86 293 1
86 274 2
86 659 1
86 1141 2
86 682 1
86 1155 4
86 1176 1
86 1039 2
86 1815 1
86 788 2
86 1005 4
86 28 2
86 1520 1
86 40 16
86 250 3
86 192 3
86 1765 1
86 1115 3
86 278 14
86 150 3
86 1038 2
86 245 11
86 267 1
86 543 1
86 583 3
86 1344 1
86 1064 4
86 951 1
86 782 2
86 809 4
86 332 2
86 9 10
86 425 1
86 1600 2
86 745 1
86 102 3
86 1410 1
86 520 6
86 937 10
86 16 21
86 730 1
86 55 1
86 57 9
86 259 7
86 1681 1
86 424 1
86 316 1
86 1146 5
86 611 2
86 11 11
86 2271 2
86 93 11
86 292 3
86 865 1
86 291 2
86 904 1
86 114 1
86 429 1
86 649 5
86 689 38
86 409 4
86 73 2
86 1116 3
86 67 6
86 2130 1
86 795 1
86 812 1
86 198 2
86 1589 3
86 1098 1
86 585 1
86 1059 1
86 1392 2
86 320 4
86 939 1
86 280 2
86 273 1
86 2430 6
86 202 6
86 465 2
86 249 1
86 184 1
86 1189 1
86 24 4
86 2127 1
86 104 5
86 1984 1
86 181 1
86 314 7
86 307 1
86 801 1
86 1467 2
86 2175 1
86 355 2
86 553 4
86 159 2
86 479 1
86 326 1
86 1037 3
86 1054 1
86 2101 1
86 1017 1
86 37 5
86 5 77
86 195 4
86 2042 1
86 2105 1
86 831 3
86 552 1
86 1602 1
86 521 2
86 162 1
86 1399 1
86 74 3
86 115 4
86 103 3
86 201 6
86 2050 4
86 922 4
86 1072 3
86 423 1
86 1139 1
86 1787 1
86 1319 1
86 91 12
86 266 6
86 1799 1
86 564 1
86 563 1
86 1650 1
86 97 4
86 41 19
86 52 3
86 750 1
86 302 3
86 657 3
86 1126 1
86 2139 3
86 593 4
86 188 1
86 315 1
86 402 1
86 1534 1
86 338 1
86 2309 1
86 1347 2
86 576 2
86 25 7
86 804 1
86 83 1
86 928 3
86 544 3
86 1644 1
86 962 1
86 1085 3
86 2018 3
86 143 1
86 281 4
86 878 1
86 158 2
86 269 1
86 363 2
86 46 2
86 6 23
86 733 5
86 1051 1
86 562 2
86 1304 1
86 36 2
86 183 6
86 518 1
86 2269 1
86 362 1
86 317 1
86 411 1
86 705 1
86 892 1
86 407 1
86 376 1
86 1432 1
86 44 13
86 587 4
86 1125 1
86 741 3
86 298 1
86 95 2
86 998 1
86 1750 1
86 601 1
86 231 3
86 1610 1
86 343 1
86 987 1
86 106 3
86 157 4
86 65 5
86 81 9
86 321 5
86 459 2
86 624 1
86 86 5
86 284 1
86 823 1
86 1248 1
86 165 6
86 1041 1
86 2 7
86 1990 1
86 435 3
86 401 6
86 186 1
86 1847 2
86 147 3
86 973 2
86 1046 3
86 760 2
86 228 1
86 863 1
86 829 1
86 345 1
86 319 5
86 915 3
86 1052 2
86 1366 3
86 516 1
86 282 5
86 121 6
86 1668 1
86 639 1
86 989 1
86 494 1
86 1956 1
86 238 1
86 636 2
86 1137 1
86 253 3
86 448 2
86 209 2
86 117 13
86 1307 1
86 63 6
86 455 4
86 80 6
86 457 1
86 179 6
86 821 2
86 696 3
86 297 5
86 2497 1
86 277 2
86 92 1
86 2096 1
86 10 4
86 1596 1
86 550 1
86 1883 1
86 995 2
86 133 6
86 290 1
86 592 3
86 149 2
86 625 1
86 1544 1
86 1978 1
86 258 10
86 173 1
86 56 7
86 530 5
86 19 7
86 54 12
86 365 1
86 70 4
86 470 3
86 839 1
86 1009 1
86 30 16
86 403 1
86 252 1
86 134 4
86 59 10
86 421 2
86 1323 1
86 1256 1
86 1713 1
86 1070 1
86 2247 1
86 1853 4
86 1863 1
86 1016 3
86 318 5
86 13 2
86 1377 1
86 925 1
86 3 20
86 185 2
86 597 1
86 1042 1
86 408 1
86 38 4
86 528 1
86 164 2
86 196 4
86 242 2
87 15 1
87 139 1
87 193 1
87 152 1
87 508 1
87 237 1
87 136 2
87 42 1
87 525 1
87 20 1
87 287 2
87 1154 1
87 7 2
87 26 3
87 991 1
87 543 1
87 332 1
87 9 1
87 259 1
87 57 1
87 249 1
87 314 1
87 37 1
87 115 2
87 593 1
87 36 1
87 44 3
87 741 1
87 190 1
87 1789 1
87 1158 1
87 771 1
87 577 1
87 2162 1
87 406 1
87 70 1
87 30 1
87 134 1
88 1178 1
88 194 1
88 463 1
88 220 1
88 350 1
88 1654 1
88 58 3
88 337 1
88 62 3
88 96 2
88 391 10
88 119 1
88 752 1
88 579 1
88 12 1
88 1 10
88 416 3
88 144 1
88 120 1
88 381 3
88 1931 3
88 27 2
88 633 2
88 1019 1
88 275 1
88 860 1
88 224 2
88 1582 1
88 498 1
88 256 1
88 7 1
88 99 1
88 526 2
88 790 3
88 232 1
88 50 1
88 659 1
88 128 1
88 278 3
88 543 1
88 757 2
88 9 1
88 745 1
88 259 1
88 1106 1
88 11 2
88 67 1
88 471 2
88 622 1
88 24 1
88 314 1
88 1463 2
88 2105 1
88 1394 1
88 41 3
88 25 1
88 640 1
88 928 2
88 544 2
88 6 2
88 125 2
88 785 2
88 95 1
88 1838 2
88 1966 1
88 321 1
88 1990 1
88 924 4
88 1231 1
88 345 2
88 319 1
88 1897 1
88 1066 1
88 1212 1
88 2433 1
88 1094 1
88 995 1
88 173 1
88 54 1
88 30 1
88 466 1
88 134 1
88 59 1
88 13 4
88 925 1
88 3 1
88 242 1
89 2143 1
89 2066 1
89 1894 1
89 39 3
89 1866 1
89 17 1
89 7 1
89 977 1
89 1174 1
89 1501 1
89 128 1
89 28 1
89 2424 1
89 16 1
89 55 2
89 327 1
89 939 1
89 361 1
89 2375 1
89 159 1
89 270 1
89 103 1
89 1680 1
89 902 1
89 878 1
89 6 1
89 243 1
89 282 1
89 92 1
89 19 1
89 318 1
89 13 1
89 146 1
90 71 1
90 798 1
90 968 3
90 15 1
90 861 3
90 76 3
90 62 3
90 129 1
90 2425 1
90 1660 1
90 218 1
90 14 1
90 145 1
90 285 1
90 124 1
90 23 2
90 1354 2
90 1760 1
90 21 2
90 119 1
90 453 1
90 180 1
90 410 4
90 752 3
90 415 1
90 1292 1
90 64 1
90 12 2
90 881 1
90 897 1
90 1530 1
90 1 7
90 136 4
90 144 1
90 1279 1
90 22 9
90 694 1
90 161 1
90 1469 2
90 20 7
90 287 1
90 349 1
90 764 2
90 197 1
90 1201 1
90 17 1
90 110 2
90 1834 1
90 112 2
90 352 1
90 170 1
90 1284 6
90 526 1
90 1496 1
90 414 1
90 225 1
90 142 1
90 854 2
90 682 1
90 128 1
90 28 1
90 40 1
90 9 2
90 34 1
90 90 1
90 102 1
90 520 1
90 55 2
90 1681 2
90 1146 1
90 89 4
90 611 1
90 11 1
90 291 2
90 73 4
90 198 2
90 939 1
90 320 1
90 273 1
90 465 1
90 184 1
90 24 1
90 385 1
90 37 1
90 74 1
90 1008 1
90 103 1
90 1282 5
90 701 1
90 25 1
90 83 5
90 896 1
90 1512 1
90 217 1
90 755 1
90 6 4
90 36 1
90 1379 2
90 892 1
90 18 3
90 522 1
90 1808 1
90 243 1
90 148 1
90 343 1
90 459 1
90 284 1
90 2 7
90 186 2
90 228 1
90 223 1
90 639 1
90 344 1
90 238 1
90 253 1
90 209 1
90 63 1
90 2497 2
90 92 1
90 149 3
90 258 1
90 482 1
90 19 4
90 54 2
90 70 1
90 30 2
90 13 1
90 473 1
90 3 3
90 597 1
90 146 1
90 1515 2
91 32 1
91 560 1
91 1020 1
91 15 1
91 62 1
91 139 1
91 129 1
91 825 1
91 218 1
91 1876 1
91 21 1
91 586 6
91 999 1
91 87 1
91 64 1
91 784 1
91 260 1
91 638 2
91 1407 1
91 213 1
91 161 1
91 20 1
91 1556 2
91 17 4
91 110 1
91 7 1
91 26 4
91 1221 4
91 1200 1
91 1229 1
91 232 1
91 462 1
91 1209 1
91 50 1
91 659 1
91 877 1
91 682 1
91 128 1
91 28 1
91 278 1
91 53 2
91 583 1
91 1344 1
91 90 1
91 1045 2
91 16 1
91 55 2
91 57 1
91 89 1
91 611 1
91 1454 2
91 114 1
91 429 1
91 73 2
91 2062 1
91 355 1
91 159 1
91 433 1
91 115 3
91 97 2
91 25 4
91 484 1
91 928 1
91 544 1
91 1526 1
91 269 3
91 363 1
91 6 1
91 125 1
91 243 1
91 289 1
91 228 2
91 1066 1
91 2207 1
91 1640 1
91 56 1
91 30 1
91 909 1
91 883 1
91 134 4
91 59 1
91 2247 1
91 13 1
92 118 1
92 71 1
92 882 1
92 798 1
92 451 1
92 15 3
92 337 3
92 1246 1
92 168 1
92 96 1
92 1354 1
92 1048 2
92 43 2
92 21 1
92 2449 1
92 180 1
92 246 1
92 752 1
92 1498 1
92 2284 1
92 12 2
92 897 1
92 507 2
92 237 2
92 638 1
92 1 4
92 567 1
92 1279 1
92 2213 8
92 205 1
92 568 1
92 1911 1
92 2199 1
92 151 1
92 868 1
92 1242 1
92 60 1
92 17 2
92 2158 1
92 323 1
92 112 2
92 212 2
92 126 2
92 542 1
92 996 2
92 1533 2
92 279 1
92 651 1
92 428 2
92 7 2
92 264 1
92 671 1
92 225 1
92 394 1
92 50 1
92 682 1
92 353 1
92 946 1
92 28 2
92 626 1
92 9 1
92 425 1
92 591 1
92 34 2
92 565 1
92 891 5
92 532 1
92 55 1
92 424 1
92 163 1
92 73 1
92 1091 1
92 320 1
92 811 1
92 280 1
92 184 2
92 24 2
92 1008 1
92 115 2
92 1695 1
92 1194 2
92 1967 2
92 2223 1
92 25 2
92 878 1
92 269 1
92 36 1
92 1379 1
92 398 1
92 18 2
92 2017 1
92 397 1
92 2 1
92 771 1
92 223 1
92 1066 1
92 344 1
92 63 1
92 2207 1
92 92 3
92 306 1
92 70 1
92 1276 1
92 883 1
92 59 1
92 13 1
92 473 1
92 390 1
92 1691 1
93 71 1
93 1250 1
93 350 1
93 101 1
93 14 1
93 285 2
93 485 1
93 193 1
93 1653 1
93 87 1
93 39 3
93 1 3
93 796 1
93 1541 1
93 2331 1
93 1499 1
93 1242 1
93 17 1
93 708 1
93 191 1
93 1420 1
93 352 1
93 33 1
93 7 1
93 99 1
93 225 2
93 50 1
93 1501 1
93 53 3
93 245 1
93 9 2
93 532 1
93 55 2
93 842 1
93 795 1
93 280 1
93 1881 1
93 249 2
93 184 1
93 140 1
93 104 1
93 1029 1
93 195 1
93 115 1
93 103 1
93 902 1
93 338 1
93 83 1
93 1384 1
93 2065 1
93 46 1
93 362 1
93 411 1
93 18 3
93 587 1
93 2 3
93 186 2
93 885 1
93 172 1
93 963 1
93 10 1
93 419 1
93 258 1
93 19 2
93 473 1
94 978 2
94 2161 1
94 572 1
94 1162 2
94 15 1
94 389 1
94 1171 2
94 758 1
94 14 1
94 1821 1
94 193 1
94 586 2
94 1498 1
94 113 1
94 1688 1
94 1336 2
94 12 5
94 1628 1
94 678 1
94 496 1
94 22 1
94 2457 1
94 1129 1
94 796 3
94 200 1
94 2338 1
94 275 1
94 515 4
94 110 1
94 69 2
94 112 2
94 7 2
94 26 2
94 1160 1
94 1511 1
94 877 1
94 1176 1
94 332 1
94 276 1
94 292 1
94 1177 1
94 385 1
94 1467 1
94 1513 1
94 5 3
94 521 1
94 74 1
94 2209 1
94 41 1
94 750 1
94 576 4
94 623 1
94 362 1
94 44 4
94 1966 1
94 261 2
94 2 1
94 845 1
94 884 1
94 121 2
94 336 1
94 2132 1
94 980 1
94 1183 1
94 929 3
94 592 2
94 70 1
94 166 3
94 141 1
94 466 1
94 59 1
95 1169 1
95 206 2
95 1178 3
95 1257 2
95 2161 2
95 226 1
95 1162 1
95 15 2
95 153 2
95 739 1
95 966 1
95 418 1
95 124 1
95 1934 1
95 23 3
95 1025 3
95 2434 1
95 1000 2
95 485 1
95 193 2
95 288 1
95 1389 4
95 2227 1
95 1180 1
95 1446 1
95 379 3
95 1688 1
95 152 1
95 508 1
95 12 1
95 260 1
95 144 2
95 300 1
95 1439 1
95 607 1
95 296 1
95 1677 1
95 2199 2
95 2400 1
95 366 2
95 20 3
95 633 1
95 1983 9
95 151 2
95 557 1
95 78 3
95 1959 1
95 197 1
95 138 6
95 1274 2
95 224 1
95 79 4
95 1220 1
95 372 1
95 7 1
95 26 2
95 255 1
95 414 1
95 142 1
95 167 2
95 48 2
95 2321 1
95 877 1
95 128 1
95 40 3
95 1115 1
95 53 7
95 1038 1
95 354 2
95 1426 3
95 951 1
95 9 2
95 1217 2
95 828 10
95 102 1
95 1404 1
95 57 7
95 1786 1
95 11 1
95 93 1
95 442 1
95 198 1
95 273 1
95 776 1
95 1298 1
95 140 3
95 1359 1
95 314 1
95 754 2
95 1166 1
95 433 1
95 240 2
95 74 3
95 1997 1
95 103 1
95 922 1
95 1044 2
95 1391 8
95 563 1
95 97 2
95 41 1
95 52 1
95 1756 1
95 1504 4
95 363 9
95 46 1
95 36 1
95 2269 1
95 362 1
95 892 1
95 667 2
95 1150 1
95 65 1
95 81 1
95 284 1
95 823 2
95 186 4
95 1231 1
95 1914 3
95 973 1
95 339 3
95 345 1
95 2111 4
95 613 1
95 121 1
95 253 3
95 1133 1
95 2428 7
95 696 2
95 676 1
95 1251 2
95 1431 2
95 173 1
95 56 1
95 66 1
95 54 4
95 470 2
95 1009 1
95 30 4
95 1024 2
95 38 4
95 196 1
96 15 2
96 391 1
96 21 1
96 39 1
96 1 1
96 1911 1
96 17 2
96 1283 1
96 225 1
96 48 1
96 50 1
96 28 2
96 155 1
96 34 1
96 55 1
96 280 1
96 502 1
96 1044 1
96 18 2
96 313 1
96 165 1
96 2 1
96 156 1
96 13 2
97 978 1
97 1654 1
97 101 1
97 495 2
97 43 4
97 21 2
97 152 2
97 87 1
97 2284 1
97 12 1
97 1 1
97 136 1
97 380 1
97 496 1
97 678 1
97 694 1
97 213 1
97 27 1
97 161 1
97 1310 1
97 78 1
97 138 1
97 2192 1
97 112 1
97 212 1
97 1305 1
97 279 1
97 99 1
97 274 1
97 128 1
97 1005 1
97 192 1
97 9 2
97 591 1
97 16 1
97 55 2
97 291 1
97 114 1
97 67 1
97 795 2
97 314 1
97 553 1
97 1054 3
97 521 1
97 240 1
97 701 1
97 867 2
97 2128 2
97 640 1
97 305 1
97 623 1
97 239 1
97 878 2
97 281 1
97 158 5
97 132 1
97 2404 3
97 2 1
97 2095 1
97 345 2
97 420 1
97 209 1
97 117 1
97 80 1
97 10 1
97 980 2
97 149 3
97 30 1
97 466 1
97 2247 1
97 13 2
97 945 1
97 2003 2
98 32 2
98 798 1
98 211 1
98 15 1
98 527 1
98 101 1
98 1660 1
98 495 1
98 234 1
98 1354 1
98 193 1
98 180 1
98 752 3
98 12 3
98 765 1
98 897 1
98 784 1
98 875 3
98 1 5
98 235 1
98 694 1
98 161 1
98 20 2
98 1507 1
98 287 3
98 764 2
98 275 1
98 138 1
98 17 1
98 256 2
98 26 1
98 1200 1
98 207 1
98 48 1
98 50 1
98 682 1
98 128 1
98 9 4
98 34 1
98 90 1
98 16 2
98 55 1
98 89 2
98 291 2
98 114 1
98 73 3
98 409 2
98 642 1
98 280 1
98 471 1
98 502 1
98 355 1
98 270 2
98 1008 1
98 2074 1
98 25 2
98 484 1
98 544 1
98 363 1
98 6 3
98 36 1
98 1379 2
98 132 1
98 411 1
98 18 2
98 44 2
98 1808 1
98 231 1
98 81 2
98 459 1
98 1158 1
98 2 1
98 989 1
98 238 1
98 253 1
98 336 1
98 821 2
98 92 1
98 19 2
98 70 1
98 2038 1
98 13 1
98 528 1
99 127 1
99 32 1
99 118 1
99 71 2
99 331 1
99 767 1
99 194 2
99 517 1
99 211 2
99 15 1
99 14 2
99 124 3
99 23 2
99 1845 1
99 940 1
99 391 2
99 193 2
99 460 1
99 1168 1
99 61 3
99 1180 1
99 64 1
99 734 1
99 1 19
99 100 4
99 965 1
99 286 1
99 213 4
99 51 1
99 27 1
99 109 1
99 287 2
99 78 1
99 17 2
99 1063 1
99 82 1
99 1763 1
99 187 1
99 79 1
99 651 2
99 279 3
99 2069 1
99 2408 2
99 498 1
99 629 3
99 7 2
99 790 1
99 556 1
99 717 1
99 2315 1
99 167 1
99 48 1
99 854 1
99 274 2
99 322 1
99 1039 1
99 310 3
99 150 1
99 130 1
99 626 1
99 9 4
99 591 1
99 102 1
99 16 1
99 55 2
99 259 14
99 424 1
99 316 1
99 89 1
99 11 2
99 1333 5
99 93 1
99 292 9
99 2000 1
99 429 1
99 24 2
99 104 2
99 181 1
99 502 1
99 830 2
99 2041 1
99 1717 1
99 2005 1
99 680 1
99 780 1
99 871 2
99 423 1
99 827 1
99 1353 4
99 1695 1
99 41 1
99 731 1
99 52 1
99 229 1
99 593 1
99 315 1
99 25 3
99 1504 3
99 928 1
99 239 1
99 143 1
99 269 2
99 46 1
99 6 4
99 125 1
99 44 6
99 1167 1
99 313 2
99 981 1
99 1773 2
99 65 1
99 261 1
99 1093 1
99 284 1
99 86 2
99 2 21
99 1990 1
99 1745 1
99 639 1
99 344 4
99 561 1
99 1192 1
99 10 2
99 1569 1
99 149 1
99 56 2
99 19 1
99 470 1
99 1016 2
99 13 7
99 185 3
99 3 6
99 597 1
100 32 1
100 84 1
100 15 1
100 2274 9
100 23 1
100 21 1
100 180 2
100 351 2
100 1012 1
100 77 1
100 39 3
100 312 1
100 824 1
100 94 3
100 975 1
100 27 1
100 78 1
100 17 3
100 82 2
100 588 1
100 262 2
100 126 1
100 33 2
100 1540 1
100 7 1
100 225 3
100 48 1
100 615 1
100 510 1
100 658 1
100 53 3
100 425 2
100 34 3
100 539 2
100 16 1
100 259 1
100 1849 3
100 74 2
100 334 2
100 1282 2
100 1694 2
100 2137 1
100 174 1
100 229 1
100 46 1
100 132 1
100 18 3
100 1058 1
100 172 2
100 238 2
100 92 1
100 54 1
100 156 1
100 13 1
100 105 2
